OCaml
alltrees 78.75029999949038 16923488 2367
alltrees 82.9750999994576 16923488 2367
alltrees 78.63350000046194 16923488 2367
alltrees 84.64759999979287 16923488 2367
alltrees 82.04200000036508 16923488 2367
alltrees 87.31660000048578 16923488 2367
alltrees 83.97999999951571 16923488 2367
alltrees 89.00800000037998 16923488 2367
alltrees 82.76209999993443 16923488 2367
alltrees 78.13179999962449 16923488 2367
arith 9750.134399999864 541829976 1300
arith 10687.487200000323 541829976 1300
arith 9861.495900000446 541829976 1300
arith 10112.574699999765 541829976 1300
arith 10268.966899999417 541829976 1300
arith 10409.887500000186 541829976 1300
arith 9759.987399999984 541829976 1300
arith 9588.860799999908 541829976 1300
arith 9644.976800000295 541829976 1300
arith 9795.748100000434 541829976 1300
composition 1.183000000193715 309520 5817
composition 1.1877999994903803 309520 5817
composition 1.1820000000298023 309520 5817
composition 1.1849000006914139 309520 5817
composition 1.1938999993726611 309520 5817
composition 1.1476000007241964 309520 5817
composition 1.1861000005155802 309520 5817
composition 1.2114000003784895 309520 5817
composition 1.219200000166893 309520 5817
composition 1.2980999993160367 309520 5817
funcrec 3.5712000001221895 840164 1624
funcrec 3.2900999998673797 840164 1624
funcrec 3.2891999995335937 840164 1624
funcrec 3.4226999999955297 840164 1624
funcrec 3.337899999693036 840164 1624
funcrec 3.125900000333786 840164 1624
funcrec 3.204300000332296 840164 1624
funcrec 3.4018999999389052 840164 1624
funcrec 3.2757999999448657 840164 1624
funcrec 3.6264000004157424 840164 1624

JS
alltrees 79.35700000077486 13569392 14372
alltrees 76.6227000001818 13571432 14372
alltrees 75.69280000030994 13572624 14372
alltrees 73.65099999960512 13572544 14372
alltrees 74.67110000085086 13571512 14372
alltrees 72.95370000042021 13571512 14372
alltrees 78.7066000001505 13569328 14372
alltrees 74.48829999938607 13571512 14372
alltrees 72.92870000004768 13572624 14372
alltrees 74.03780000004917 13572552 14372
arith 307.2423000000417 135624 13698
arith 317.0232999995351 135184 13698
arith 304.81559999939054 135624 13698
arith 315.42300000041723 135624 13698
arith 312.3837000001222 135624 13698
arith 308.0454000001773 135104 13698
arith 317.3659000005573 135624 13698
arith 302.64819999970496 135624 13698
arith 317.5142000000924 135624 13698
arith 312.94389999937266 135184 13698
composition 17.22219999972731 755624 15033
composition 17.23410000000149 782248 15033
composition 17.037700000219047 790216 15033
composition 17.630899999290705 772960 15033
composition 17.506699999794364 763808 15033
composition 18.53830000013113 790976 15033
composition 17.711600000038743 815768 15033
composition 17.087199999950826 676520 15033
composition 17.049399999901652 763808 15033
composition 16.93350000027567 788752 15033
funcrec 10.459999999962747 142992 14128
funcrec 10.353600000031292 142992 14128
funcrec 10.957399999722838 143432 14128
funcrec 10.71999999973923 143432 14128
funcrec 12.026899999938905 142992 14128
funcrec 10.971199999563396 142992 14128
funcrec 10.795599999837577 142912 14128
funcrec 10.426699999719858 142992 14128
funcrec 10.432099999859929 142992 14128
funcrec 10.639000000432134 142992 14128

Grain
alltrees 6234.083399999887 5063
alltrees 6258.847299999557 5063
alltrees 6277.635599999689 5063
alltrees 6324.298600000329 5063
alltrees 6199.306499999948 5063
alltrees 6318.594000000507 5063
alltrees 6236.480699999258 5063
alltrees 6246.444899999537 5063
alltrees 7159.666600000113 5063
alltrees 7190.636799999513 5063
arith 614.9570999993011 4895
arith 722.317300000228 4895
arith 1177.4947999995202 4895
arith 768.7400000002235 4895
arith 797.744099999778 4895
arith 640.742499999702 4895
arith 604.86429999955 4895
arith 622.5623000003397 4895
arith 725.3190000001341 4895
arith 625.410500000231 4895
composition 3721.8678000001237 11086
composition 3808.0847000004724 11086
composition 3474.0575000001118 11086
composition 3460.586799999699 11086
composition 3460.2315999995917 11086
composition 3489.373800000176 11086
composition 3472.9572999998927 11086
composition 3483.701499999501 11086
composition 3502.3171999994665 11086
composition 3465.9101999998093 11086
funcrec 320.4819000000134 7133
funcrec 321.3483999995515 7133
funcrec 311.01570000033826 7133
funcrec 330.98849999997765 7133
funcrec 322.5424000006169 7133
funcrec 355.55819999985397 7133
funcrec 582.2664999999106 7133
funcrec 341.45679999981076 7133
funcrec 463.8381000002846 7133
funcrec 325.0268999999389 7133

C
alltrees 14.065000000409782 3670016 8207
alltrees 11.843799999915063 3670016 8207
alltrees 15.114699999801815 3670016 8207
alltrees 15.070400000549853 3670016 8207
alltrees 32.880899999290705 3670016 8207
alltrees 16.575600000098348 3670016 8207
alltrees 18.533200000412762 3670016 8207
alltrees 11.857200000435114 3670016 8207
alltrees 11.734999999403954 3670016 8207
alltrees 11.558400000445545 3670016 8207
arith 501.6080999998376 0 1032
arith 476.847500000149 0 1032
arith 490.5981000000611 0 1032
arith 462.99890000000596 0 1032
arith 504.24270000029355 0 1032
arith 471.00340000074357 0 1032
arith 569.9634999996051 0 1032
arith 476.41799999959767 0 1032
arith 472.3902000002563 0 1032
arith 483.4093000004068 0 1032
funcrec 0.47269999980926514 0 1157
funcrec 0.47809999994933605 0 1157
funcrec 0.4886999996379018 0 1157
funcrec 0.49780000001192093 0 1157
funcrec 0.610700000077486 0 1157
funcrec 0.466300000436604 0 1157
funcrec 0.47549999970942736 0 1157
funcrec 0.46600000001490116 0 1157
funcrec 0.4715999998152256 0 1157
funcrec 0.6897999998182058 0 1157
