None
alltrees_10 71.4831999996677 13862888 1786
alltrees_10 62.66709999926388 13862888 1786
alltrees_10 63.70849999971688 13862888 1786
alltrees_10 62.714800000190735 13862888 1786
alltrees_10 65.21530000027269 13862888 1786
alltrees_7 0.9022000003606081 396212 1786
alltrees_7 0.9385000001639128 396212 1786
alltrees_7 0.9657000005245209 396212 1786
alltrees_7 0.9786999998614192 396212 1786
alltrees_7 0.8842000002041459 396212 1786
arith_1000 466.8850000007078 54369160 1176
arith_1000 476.4712000004947 54369160 1176
arith_1000 463.5076999999583 54369160 1176
arith_1000 485.99149999953806 54369160 1176
arith_1000 461.8163000000641 54369160 1176
arith_75 0.7770999995991588 234712 1176
arith_75 1.0137000000104308 234712 1176
arith_75 0.8059000000357628 234712 1176
arith_75 0.7361000003293157 234712 1176
arith_75 0.7355000004172325 234712 1176
composition 1.0729000000283122 308692 4074
composition 1.0548000000417233 308692 4074
composition 1.0610999995842576 308692 4074
composition 1.0293999994173646 308692 4074
composition 1.0428999997675419 308692 4074
funcrec 2.8479000004008412 840164 1482
funcrec 3.318199999630451 840164 1482
funcrec 3.0191000001505017 840164 1482
funcrec 3.5182999996468425 840164 1482
funcrec 3.0455999998375773 840164 1482
mergesort_4000 1.4588999999687076 466696 1733
mergesort_4000 1.4656000006943941 466696 1733
mergesort_4000 1.432400000281632 466696 1733
mergesort_4000 1.4627999998629093 466696 1733
mergesort_4000 1.3609999995678663 466696 1733
mergesort_500 0.1546000000089407 60696 1733
mergesort_500 0.25650000013411045 60696 1733
mergesort_500 0.1569999996572733 60696 1733
mergesort_500 0.16729999985545874 60696 1733
mergesort_500 0.15849999990314245 60696 1733
nbody_100 0.7570000002160668 392648 4809
nbody_100 0.7680000001564622 392648 4809
nbody_100 0.7697000000625849 392648 4809
nbody_100 0.8115000007674098 392648 4809
nbody_100 0.8164999997243285 392648 4809
nbody_1000 10.54590000025928 3877448 4809
nbody_1000 10.389899999834597 3877448 4809
nbody_1000 11.480299999937415 3877448 4809
nbody_1000 10.405100000090897 3877448 4809
nbody_1000 10.425999999977648 3877448 4809
All
alltrees_10 76.09429999999702 13547960 1760
alltrees_10 63.95579999964684 13547960 1760
alltrees_10 70.40240000002086 13547960 1760
alltrees_10 63.9640000006184 13547960 1760
alltrees_10 60.39419999998063 13547960 1760
alltrees_7 0.9939999999478459 384548 1760
alltrees_7 1.2119000004604459 384548 1760
alltrees_7 0.9744000006467104 384548 1760
alltrees_7 0.9407000001519918 384548 1760
alltrees_7 0.9528000000864267 384548 1760
arith_1000 457.4537000004202 54369160 1176
arith_1000 486.7204999998212 54369160 1176
arith_1000 454.3481000000611 54369160 1176
arith_1000 485.13939999975264 54369160 1176
arith_1000 454.42149999924004 54369160 1176
arith_75 0.7576999999582767 234712 1176
arith_75 0.8929000003263354 234712 1176
arith_75 0.8228000001981854 234712 1176
arith_75 0.7899000002071261 234712 1176
arith_75 0.7147000003606081 234712 1176
composition 1.6924000000581145 308100 3933
composition 1.102500000037253 308100 3933
composition 0.9872000003233552 308100 3933
composition 1.3350999997928739 308100 3933
composition 1.6813000002875924 308100 3933
funcrec 3.6781000001356006 840164 1484
funcrec 5.2193999998271465 840164 1484
funcrec 4.153400000184774 840164 1484
funcrec 3.664900000207126 840164 1484
funcrec 3.158200000412762 840164 1484
mergesort_4000 1.9585000006482005 466684 1708
mergesort_4000 1.5198999997228384 466684 1708
mergesort_4000 1.4550999999046326 466684 1708
mergesort_4000 1.4702000003308058 466684 1708
mergesort_4000 1.555800000205636 466684 1708
mergesort_500 0.15489999949932098 60684 1708
mergesort_500 0.15760000050067902 60684 1708
mergesort_500 0.19950000010430813 60684 1708
mergesort_500 0.16679999977350235 60684 1708
mergesort_500 0.15560000017285347 60684 1708
nbody_100 0.8007999993860722 392504 4662
nbody_100 0.8076999997720122 392504 4662
nbody_100 1.1352000003680587 392504 4662
nbody_100 0.9803999997675419 392504 4662
nbody_100 1.1151000000536442 392504 4662
nbody_1000 10.925099999643862 3877304 4662
nbody_1000 12.215499999932945 3877304 4662
nbody_1000 9.770099999383092 3877304 4662
nbody_1000 10.5566999996081 3877304 4662
nbody_1000 10.421399999409914 3877304 4662
