0
alltrees_10 72.8300000000745 13862888 1891
alltrees_10 75.3210999998264 13862888 1891
alltrees_10 66.22910000011325 13862888 1891
alltrees_10 72.86409999988973 13862888 1891
alltrees_10 65.17649999982677 13862888 1891
alltrees_7 0.9533999999985099 396212 1891
alltrees_7 0.874199999962002 396212 1891
alltrees_7 0.8341999999247491 396212 1891
alltrees_7 0.8961999998427927 396212 1891
alltrees_7 0.8858000000473112 396212 1891
arith_1000 481.1747000000905 54369160 1251
arith_1000 455.2919999998994 54369160 1251
arith_1000 501.9361000000499 54369160 1251
arith_1000 487.6485999999568 54369160 1251
arith_1000 484.216199999908 54369160 1251
arith_75 0.7442000000737607 234712 1251
arith_75 0.7376999999396503 234712 1251
arith_75 0.8162000000011176 234712 1251
arith_75 0.7254000001121312 234712 1251
arith_75 0.756800000090152 234712 1251
composition 1.1773999999277294 308692 4378
composition 1.230900000082329 308692 4378
composition 1.0716999999713153 308692 4378
composition 1.5476999999955297 308692 4378
composition 1.2105999998748302 308692 4378
fib 812.4849000000395 8 513
fib 809.5663999998942 8 513
fib 810.7257000000682 8 513
fib 805.5287999999709 8 513
fib 857.2299999999814 8 513
funcrec 2.864700000034645 840164 1565
funcrec 3.0093000000342727 840164 1565
funcrec 3.546199999982491 840164 1565
funcrec 3.108299999963492 840164 1565
funcrec 3.422400000039488 840164 1565
mergesort_4000 1.4719000000040978 466696 1766
mergesort_4000 1.3604999999515712 466696 1766
mergesort_4000 1.4512000000104308 466696 1766
mergesort_4000 1.4653000000398606 466696 1766
mergesort_4000 1.3363000000827014 466696 1766
mergesort_500 0.21909999987110496 60696 1766
mergesort_500 0.15490000019781291 60696 1766
mergesort_500 0.16520000016316772 60696 1766
mergesort_500 0.1627999998163432 60696 1766
mergesort_500 0.16620000009424984 60696 1766
nbody_100 0.7738999999128282 392648 5028
nbody_100 0.7775999999139458 392648 5028
nbody_100 0.8064000001177192 392648 5028
nbody_100 0.817100000102073 392648 5028
nbody_100 0.8599000000394881 392648 5028
nbody_1000 10.181199999991804 3877448 5028
nbody_1000 11.866399999940768 3877448 5028
nbody_1000 10.376499999780208 3877448 5028
nbody_1000 9.74890000000596 3877448 5028
nbody_1000 9.969599999953061 3877448 5028
1
alltrees_10 66.98040000000037 13547960 1760
alltrees_10 63.07620000001043 13547960 1760
alltrees_10 59.624199999962 13547960 1760
alltrees_10 60.519700000062585 13547960 1760
alltrees_10 61.36189999990165 13547960 1760
alltrees_7 0.916399999987334 384548 1760
alltrees_7 0.947700000135228 384548 1760
alltrees_7 0.9650999999139458 384548 1760
alltrees_7 0.9061000000219792 384548 1760
alltrees_7 0.8057000001426786 384548 1760
arith_1000 466.1114000000525 54369160 1176
arith_1000 485.6669000000693 54369160 1176
arith_1000 459.8410000000149 54369160 1176
arith_1000 489.6451000000816 54369160 1176
arith_1000 460.9134999997914 54369160 1176
arith_75 0.8079999999608845 234712 1176
arith_75 0.7867000000551343 234712 1176
arith_75 0.7723999998997897 234712 1176
arith_75 0.7688999997917563 234712 1176
arith_75 0.7989000000525266 234712 1176
composition 1.2833000000100583 308100 3933
composition 1.0319000000599772 308100 3933
composition 1.0512999999336898 308100 3933
composition 0.9702999999281019 308100 3933
composition 1.0533000000286847 308100 3933
fib 772.6447000000626 8 492
fib 766.0496999998577 8 492
fib 762.2406999999657 8 492
fib 742.8907999999356 8 492
fib 770.7646999999415 8 492
funcrec 3.0254000001586974 840164 1484
funcrec 3.6351000000722706 840164 1484
funcrec 3.591200000140816 840164 1484
funcrec 3.696700000204146 840164 1484
funcrec 3.3488000000361353 840164 1484
mergesort_4000 1.3410000000149012 466684 1639
mergesort_4000 1.4884999999776483 466684 1639
mergesort_4000 1.4245999997947365 466684 1639
mergesort_4000 1.3441000001039356 466684 1639
mergesort_4000 1.3756999999750406 466684 1639
mergesort_500 0.17229999997653067 60684 1639
mergesort_500 0.15940000000409782 60684 1639
mergesort_500 0.17500000004656613 60684 1639
mergesort_500 0.1577999999281019 60684 1639
mergesort_500 0.17299999995157123 60684 1639
nbody_100 0.8066000000108033 392504 4662
nbody_100 0.9949999998789281 392504 4662
nbody_100 0.8351000000257045 392504 4662
nbody_100 0.8231999999843538 392504 4662
nbody_100 0.7731000001076609 392504 4662
nbody_1000 10.172199999913573 3877304 4662
nbody_1000 10.408300000010058 3877304 4662
nbody_1000 10.78649999992922 3877304 4662
nbody_1000 10.78179999999702 3877304 4662
nbody_1000 10.081199999898672 3877304 4662
2
alltrees_10 60.66770000010729 13547960 1760
alltrees_10 59.98310000007041 13547960 1760
alltrees_10 62.086499999975786 13547960 1760
alltrees_10 65.26659999997355 13547960 1760
alltrees_10 68.20859999977984 13547960 1760
alltrees_7 0.9358999999240041 384548 1760
alltrees_7 0.8845000001601875 384548 1760
alltrees_7 1.496999999973923 384548 1760
alltrees_7 0.8909999998286366 384548 1760
alltrees_7 0.836200000019744 384548 1760
arith_1000 453.6530999999959 54369160 1176
arith_1000 495.67310000001453 54369160 1176
arith_1000 470.2021999999415 54369160 1176
arith_1000 478.98750000004657 54369160 1176
arith_1000 495.88630000012927 54369160 1176
arith_75 0.736900000134483 234712 1176
arith_75 0.8490999999921769 234712 1176
arith_75 0.7480000001378357 234712 1176
arith_75 0.7362999999895692 234712 1176
arith_75 0.7096000001765788 234712 1176
composition 0.9824000000953674 308100 3933
composition 1.378000000026077 308100 3933
composition 1.1388000000733882 308100 3933
composition 1.110100000165403 308100 3933
composition 1.0530000000726432 308100 3933
fib 760.9432999999262 8 492
fib 763.7905999999493 8 492
fib 759.8025999998208 8 492
fib 782.0396000000183 8 492
fib 742.6869000000879 8 492
funcrec 3.216000000014901 840164 1484
funcrec 3.4078999999910593 840164 1484
funcrec 3.135400000028312 840164 1484
funcrec 3.2716000000946224 840164 1484
funcrec 3.3316999999806285 840164 1484
mergesort_4000 1.3677000000607222 466684 1626
mergesort_4000 1.3354999998118728 466684 1626
mergesort_4000 1.2920999999623746 466684 1626
mergesort_4000 1.4544000001624227 466684 1626
mergesort_4000 1.4237999999895692 466684 1626
mergesort_500 0.15940000000409782 60684 1626
mergesort_500 0.15060000005178154 60684 1626
mergesort_500 0.1651000001002103 60684 1626
mergesort_500 0.1809000000357628 60684 1626
mergesort_500 0.3973999998997897 60684 1626
nbody_100 0.8441000001039356 392480 4591
nbody_100 0.8027999999467283 392480 4591
nbody_100 0.7750000001396984 392480 4591
nbody_100 0.8333000000566244 392480 4591
nbody_100 0.7687999999616295 392480 4591
nbody_1000 10.885000000009313 3877280 4591
nbody_1000 10.225300000049174 3877280 4591
nbody_1000 10.605800000019372 3877280 4591
nbody_1000 10.47399999992922 3877280 4591
nbody_1000 14.519799999892712 3877280 4591
3
alltrees_10 58.93929999996908 13547960 1760
alltrees_10 63.02520000003278 13547960 1760
alltrees_10 64.0352000000421 13547960 1760
alltrees_10 73.50300000002608 13547960 1760
alltrees_10 60.285900000017136 13547960 1760
alltrees_7 0.9099000000860542 384548 1760
alltrees_7 0.8533999999053776 384548 1760
alltrees_7 0.8638999999966472 384548 1760
alltrees_7 0.8525000000372529 384548 1760
alltrees_7 0.8310000000055879 384548 1760
arith_1000 483.72280000010505 54369160 1176
arith_1000 459.86309999995865 54369160 1176
arith_1000 478.5374000000302 54369160 1176
arith_1000 475.2546999999322 54369160 1176
arith_1000 479.1647000000812 54369160 1176
arith_75 0.8898999998345971 234712 1176
arith_75 0.7346000000834465 234712 1176
arith_75 0.8720999998040497 234712 1176
arith_75 0.7312000000383705 234712 1176
arith_75 0.6995999999344349 234712 1176
composition 1.0423000000882894 308100 3933
composition 1.081000000005588 308100 3933
composition 1.0301999999210238 308100 3933
composition 1.024500000057742 308100 3933
composition 1.0382000000681728 308100 3933
fib 752.342399999965 8 492
fib 763.0285000000149 8 492
fib 764.3914000000805 8 492
fib 752.5189000000246 8 492
fib 749.466199999908 8 492
funcrec 3.3415999999269843 840164 1484
funcrec 3.0258000001776963 840164 1484
funcrec 4.034100000048056 840164 1484
funcrec 3.1188999998848885 840164 1484
funcrec 3.0799000000115484 840164 1484
mergesort_4000 1.377600000007078 466684 1626
mergesort_4000 1.379600000102073 466684 1626
mergesort_4000 1.3019999999087304 466684 1626
mergesort_4000 1.644899999955669 466684 1626
mergesort_4000 1.374199999962002 466684 1626
mergesort_500 0.16339999996125698 60684 1626
mergesort_500 0.1806000000797212 60684 1626
mergesort_500 0.242799999890849 60684 1626
mergesort_500 0.19709999999031425 60684 1626
mergesort_500 0.16980000003241003 60684 1626
nbody_100 1.171800000127405 392492 4604
nbody_100 0.8041000000666827 392492 4604
nbody_100 0.8096000000368804 392492 4604
nbody_100 0.7911999998614192 392492 4604
nbody_100 0.7563000000081956 392492 4604
nbody_1000 10.53609999991022 3877292 4604
nbody_1000 11.670799999963492 3877292 4604
nbody_1000 10.328100000042468 3877292 4604
nbody_1000 9.880200000014156 3877292 4604
nbody_1000 10.687399999937043 3877292 4604
4
alltrees_10 62.79070000001229 13547960 1760
alltrees_10 61.79089999990538 13547960 1760
alltrees_10 71.32129999995232 13547960 1760
alltrees_10 63.78040000004694 13547960 1760
alltrees_10 69.44720000005327 13547960 1760
alltrees_7 0.8692999999038875 384548 1760
alltrees_7 0.8940000000875443 384548 1760
alltrees_7 0.8767999999690801 384548 1760
alltrees_7 0.8654000000096858 384548 1760
alltrees_7 0.8996999999508262 384548 1760
arith_1000 485.5511000000406 54369160 1176
arith_1000 460.624199999962 54369160 1176
arith_1000 486.28289999999106 54369160 1176
arith_1000 457.5845000001136 54369160 1176
arith_1000 488.30389999994077 54369160 1176
arith_75 0.7722000000067055 234712 1176
arith_75 0.7644999998155981 234712 1176
arith_75 0.7434000000357628 234712 1176
arith_75 0.8637000001035631 234712 1176
arith_75 0.7462999999988824 234712 1176
composition 1.1744999999646097 308100 3933
composition 1.0279999999329448 308100 3933
composition 1.0635999999940395 308100 3933
composition 1.113300000084564 308100 3933
composition 1.1594000000040978 308100 3933
fib 748.280299999984 8 492
fib 760.9813999999315 8 492
fib 761.9740999999922 8 492
fib 767.8774999999441 8 492
fib 770.9969999999739 8 492
funcrec 3.545899999793619 840164 1484
funcrec 2.9932999999728054 840164 1484
funcrec 2.960399999981746 840164 1484
funcrec 3.0298999999649823 840164 1484
funcrec 3.1821999999228865 840164 1484
mergesort_4000 1.3413999998010695 466684 1626
mergesort_4000 1.6009999997913837 466684 1626
mergesort_4000 1.342600000090897 466684 1626
mergesort_4000 2.141699999803677 466684 1626
mergesort_4000 1.4006999998819083 466684 1626
mergesort_500 0.38639999995939434 60684 1626
mergesort_500 0.2362999999895692 60684 1626
mergesort_500 0.3153999999631196 60684 1626
mergesort_500 0.16169999982230365 60684 1626
mergesort_500 0.17610000004060566 60684 1626
nbody_100 0.7915999998804182 392472 4560
nbody_100 0.7764999999199063 392472 4560
nbody_100 0.8315999999176711 392472 4560
nbody_100 0.8022000000346452 392472 4560
nbody_100 0.7653000000864267 392472 4560
nbody_1000 9.78110000002198 3877272 4560
nbody_1000 9.857799999881536 3877272 4560
nbody_1000 10.36740000010468 3877272 4560
nbody_1000 9.944600000046194 3877272 4560
nbody_1000 11.345700000179932 3877272 4560
5
alltrees_10 59.969499999890104 13547960 1760
alltrees_10 72.76219999999739 13547960 1760
alltrees_10 59.405500000109896 13547960 1760
alltrees_10 60.51549999997951 13547960 1760
alltrees_10 62.81749999988824 13547960 1760
alltrees_7 0.916800000006333 384548 1760
alltrees_7 0.8452999999281019 384548 1760
alltrees_7 0.9580000001005828 384548 1760
alltrees_7 0.856900000013411 384548 1760
alltrees_7 0.8135999999940395 384548 1760
arith_1000 491.4643999999389 54369160 1176
arith_1000 454.3130999999121 54369160 1176
arith_1000 490.784200000111 54369160 1176
arith_1000 471.8087999999989 54369160 1176
arith_1000 462.0837000000756 54369160 1176
arith_75 0.7388999999966472 234712 1176
arith_75 0.7110999999567866 234712 1176
arith_75 0.7232000001240522 234712 1176
arith_75 0.7379000000655651 234712 1176
arith_75 0.697199999820441 234712 1176
composition 1.2399999999906868 308100 3933
composition 1.1299999998882413 308100 3933
composition 1.1540999999269843 308100 3933
composition 1.1337999999523163 308100 3933
composition 1.2378000000026077 308100 3933
fib 802.3342000001576 8 492
fib 739.1400999999605 8 492
fib 765.5527000001166 8 492
fib 767.5522000000346 8 492
fib 767.4577000001445 8 492
funcrec 3.618799999821931 840164 1484
funcrec 3.1463999999687076 840164 1484
funcrec 3.207399999955669 840164 1484
funcrec 2.857099999906495 840164 1484
funcrec 3.198399999877438 840164 1484
mergesort_4000 1.4842000000644475 466684 1626
mergesort_4000 1.3185999998822808 466684 1626
mergesort_4000 1.41039999993518 466684 1626
mergesort_4000 2.1281000000890344 466684 1626
mergesort_4000 1.468400000128895 466684 1626
mergesort_500 0.26839999994263053 60684 1626
mergesort_500 0.15550000010989606 60684 1626
mergesort_500 0.18669999996200204 60684 1626
mergesort_500 0.15669999993406236 60684 1626
mergesort_500 0.1599000000860542 60684 1626
nbody_100 0.8119999999180436 392472 4544
nbody_100 0.7249999998603016 392472 4544
nbody_100 0.9728000001050532 392472 4544
nbody_100 0.7768999999389052 392472 4544
nbody_100 0.770699999993667 392472 4544
nbody_1000 10.733900000108406 3877272 4544
nbody_1000 11.058100000023842 3877272 4544
nbody_1000 11.768299999879673 3877272 4544
nbody_1000 9.970999999903142 3877272 4544
nbody_1000 10.393200000049546 3877272 4544
