Off
alltrees_10 67.16840000031516 13547960 1760
alltrees_10 62.68019999982789 13547960 1760
alltrees_10 61.87180000031367 13547960 1760
alltrees_10 61.97139999968931 13547960 1760
alltrees_10 62.152300000190735 13547960 1760
alltrees_7 1.0205000001005828 384548 1760
alltrees_7 0.9044999997131526 384548 1760
alltrees_7 2.3099000002257526 384548 1760
alltrees_7 0.9515999997965991 384548 1760
alltrees_7 0.8579000001773238 384548 1760
arith_1000 469.2174999997951 54369160 1150
arith_1000 496.1071000001393 54369160 1150
arith_1000 452.46730000013486 54369160 1150
arith_1000 485.5237000002526 54369160 1150
arith_1000 461.7458999999799 54369160 1150
arith_75 0.8854000000283122 234712 1150
arith_75 1.0696000000461936 234712 1150
arith_75 0.7313999999314547 234712 1150
arith_75 0.8947000000625849 234712 1150
arith_75 1.1348999999463558 234712 1150
composition 1.061200000345707 308100 3775
composition 0.969200000166893 308100 3775
composition 1.0754999998025596 308100 3775
composition 1.0378000000491738 308100 3775
composition 1.0474999998696148 308100 3775
fib 797.3303000000305 8 475
fib 763.3789000003599 8 475
fib 761.0372999999672 8 475
fib 742.4522000001743 8 475
fib 754.1414000000805 8 475
funcrec 3.0378999998793006 840164 1409
funcrec 3.431800000369549 840164 1409
funcrec 3.3825999996624887 840164 1409
funcrec 3.183599999640137 840164 1409
funcrec 3.3085000002756715 840164 1409
mergesort_4000 1.3421000000089407 466684 1569
mergesort_4000 1.4478000001981854 466684 1569
mergesort_4000 1.3911000001244247 466684 1569
mergesort_4000 1.3523000003769994 466684 1569
mergesort_4000 1.816999999806285 466684 1569
mergesort_500 0.17620000010356307 60684 1569
mergesort_500 0.1782999997958541 60684 1569
mergesort_500 0.16200000001117587 60684 1569
mergesort_500 0.19160000002011657 60684 1569
mergesort_500 0.15730000007897615 60684 1569
nbody_100 0.7874000002630055 392436 4292
nbody_100 2.2788999998010695 392436 4292
nbody_100 0.8332000002264977 392436 4292
nbody_100 0.7952999998815358 392436 4292
nbody_100 0.7683000001125038 392436 4292
nbody_1000 10.766000000294298 3877236 4292
nbody_1000 10.61489999992773 3877236 4292
nbody_1000 10.897799999918789 3877236 4292
nbody_1000 10.527000000234693 3877236 4292
nbody_1000 9.941299999598414 3877236 4292
On
alltrees_10 62.377299999818206 13547960 1760
alltrees_10 61.01839999994263 13547960 1760
alltrees_10 61.49710000026971 13547960 1760
alltrees_10 59.669199999887496 13547960 1760
alltrees_10 77.66179999988526 13547960 1760
alltrees_7 0.913399999961257 384548 1760
alltrees_7 0.9427000000141561 384548 1760
alltrees_7 0.8988000000827014 384548 1760
alltrees_7 0.927800000179559 384548 1760
alltrees_7 0.8106999997980893 384548 1760
arith_1000 461.0191000001505 54369160 1176
arith_1000 491.34390000021085 54369160 1176
arith_1000 486.58600000012666 54369160 1176
arith_1000 470.6913999998942 54369160 1176
arith_1000 484.3489000000991 54369160 1176
arith_75 0.7531000003218651 234712 1176
arith_75 0.8237999998964369 234712 1176
arith_75 0.7462999997660518 234712 1176
arith_75 0.7435999996960163 234712 1176
arith_75 0.784599999897182 234712 1176
composition 1.0549000003375113 308100 3933
composition 1.0844999998807907 308100 3933
composition 1.0867999996989965 308100 3933
composition 1.0808999999426305 308100 3933
composition 1.0487000001594424 308100 3933
fib 776.5653000003658 8 492
fib 782.350200000219 8 492
fib 776.1071999999695 8 492
fib 764.8243999998085 8 492
fib 741.4955000001937 8 492
funcrec 3.6932999999262393 840164 1484
funcrec 3.1323000001721084 840164 1484
funcrec 3.223499999847263 840164 1484
funcrec 3.158300000242889 840164 1484
funcrec 3.266299999784678 840164 1484
mergesort_4000 1.4196999999694526 466684 1626
mergesort_4000 1.3780999998562038 466684 1626
mergesort_4000 1.4323999998159707 466684 1626
mergesort_4000 1.3440000000409782 466684 1626
mergesort_4000 1.4893000000156462 466684 1626
mergesort_500 0.1782999997958541 60684 1626
mergesort_500 0.15629999991506338 60684 1626
mergesort_500 0.17840000009164214 60684 1626
mergesort_500 0.17860000021755695 60684 1626
mergesort_500 0.1811000001616776 60684 1626
nbody_100 0.7839999999850988 392472 4544
nbody_100 0.8876000000163913 392472 4544
nbody_100 0.7713999999687076 392472 4544
nbody_100 0.7817999999970198 392472 4544
nbody_100 0.8122000000439584 392472 4544
nbody_1000 10.951700000092387 3877272 4544
nbody_1000 10.363400000147521 3877272 4544
nbody_1000 10.695800000336021 3877272 4544
nbody_1000 10.439899999648333 3877272 4544
nbody_1000 10.140799999702722 3877272 4544
