NewGC
alltrees_7 57.91620000009425 128880 1800
alltrees_7 72.7603999999119 128880 1800
alltrees_7 62.233199999900535 128880 1800
alltrees_7 67.0610999999335 128880 1800
alltrees_7 59.00439999997616 128880 1800
arith_75 9.614199999952689 65568 1523
arith_75 9.585899999947287 65568 1523
arith_75 9.483799999929033 65568 1523
arith_75 9.676700000069104 65568 1523
arith_75 11.826299999956973 65568 1523
composition 27.20160000002943 65568 5503
composition 38.825899999937974 65568 5503
composition 34.42070000001695 65568 5503
composition 30.102599999983795 65568 5503
composition 28.711400000029244 65568 5503
funcrec 1.8494000000646338 416 2106
funcrec 1.7808000000659376 416 2106
funcrec 1.8033000000286847 416 2106
funcrec 1.732399999978952 416 2106
funcrec 2.008700000005774 416 2106
mergesort_500 9.68370000005234 65544 2383
mergesort_500 9.358699999982491 65544 2383
mergesort_500 9.539300000062212 65544 2383
mergesort_500 10.065999999991618 65544 2383
mergesort_500 10.579900000011548 65544 2383
nbody_100 23.30850000004284 65552 5630
nbody_100 23.34230000001844 65552 5630
nbody_100 22.63850000000093 65552 5630
nbody_100 22.552700000000186 65552 5630
nbody_100 23.207400000072084 65552 5630
FastFree
alltrees_7 48.57629999999972 128976 1800
alltrees_7 57.84859999999935 128976 1800
alltrees_7 50.73419999999987 128976 1800
alltrees_7 56.84310000000005 128976 1800
alltrees_7 54.24879999999939 128976 1800
arith_75 9.175900000000183 65568 1523
arith_75 7.541900000000169 65568 1523
arith_75 8.31880000000001 65568 1523
arith_75 7.591699999999946 65568 1523
arith_75 7.809599999999591 65568 1523
composition 23.539600000000064 65568 5503
composition 23.594100000000253 65568 5503
composition 25.045199999999568 65568 5503
composition 25.756099999999606 65568 5503
composition 22.679399999999987 65568 5503
funcrec 1.8256000000001222 416 2106
funcrec 1.9890999999997803 416 2106
funcrec 1.9737999999997555 416 2106
funcrec 1.6947999999993044 416 2106
funcrec 2.482299999999668 416 2106
mergesort_500 8.631000000000313 65544 2383
mergesort_500 8.519800000000032 65544 2383
mergesort_500 8.58010000000013 65544 2383
mergesort_500 8.867500000000291 65544 2383
mergesort_500 8.808399999999892 65544 2383
nbody_100 17.54700000000048 65552 5630
nbody_100 18.14350000000013 65552 5630
nbody_100 17.61500000000069 65552 5630
nbody_100 25.367200000000594 65552 5630
nbody_100 20.460699999999633 65552 5630
OldGC
alltrees_7 33.814099999988684 126144 1800
alltrees_7 36.69149999998626 126144 1800
alltrees_7 39.12149999997928 126144 1800
alltrees_7 34.4096000000136 126144 1800
alltrees_7 33.539500000013504 126144 1800
arith_75 9.87709999998333 65560 1523
arith_75 8.714899999991758 65560 1523
arith_75 8.647400000016205 65560 1523
arith_75 8.723599999997532 65560 1523
arith_75 9.907700000010664 65560 1523
composition 35.03880000000936 131016 5503
composition 37.26920000000973 131016 5503
composition 34.460499999986496 131016 5503
composition 35.051800000015646 131016 5503
composition 35.423500000004424 131016 5503
funcrec 1.787400000001071 296 2106
funcrec 1.7070000000239816 296 2106
funcrec 1.679100000008475 296 2106
funcrec 1.9299000000173692 296 2106
funcrec 1.907199999986915 296 2106
mergesort_500 7.684000000008382 65560 2383
mergesort_500 7.364700000005541 65560 2383
mergesort_500 7.10209999998915 65560 2383
mergesort_500 7.754499999980908 65560 2383
mergesort_500 6.901599999982864 65560 2383
nbody_100 19.92139999999199 65560 5630
nbody_100 19.331000000005588 65560 5630
nbody_100 19.87829999998212 65560 5630
nbody_100 19.741399999998976 65560 5630
nbody_100 18.980599999980768 65560 5630