None
alltrees_10 87.61419999999634 14773660 3232
alltrees_10 65.35810000000492 14773660 3232
alltrees_10 65.54989999999816 14773660 3232
alltrees_10 64.92239999999583 14773660 3232
alltrees_10 65.27419999999984 14773660 3232
alltrees_10 63.59990000000107 14773660 3232
alltrees_10 63.964099999997416 14773660 3232
alltrees_10 73.32760000000417 14773660 3232
alltrees_10 66.79069999999774 14773660 3232
alltrees_10 68.08949999999459 14773660 3232
alltrees_7 0.7891000000017812 327108 1623
alltrees_7 0.7220999999990454 327108 1623
alltrees_7 0.732800000005227 327108 1623
alltrees_7 0.7198999999964144 327108 1623
alltrees_7 0.7285000000047148 327108 1623
alltrees_7 0.7279000000053202 327108 1623
alltrees_7 0.7669999999998254 327108 1623
alltrees_7 0.7347000000008848 327108 1623
alltrees_7 0.7703000000037719 327108 1623
alltrees_7 0.7687999999980093 327108 1623
arith_1000 591.0490999999965 71160224 2118
arith_1000 655.3206999999966 71160224 2118
arith_1000 629.9935000000041 71160224 2118
arith_1000 592.7814999999973 71160224 2118
arith_1000 662.1438999999955 71160224 2118
arith_1000 623.3987999999954 71160224 2118
arith_1000 589.0373999999938 71160224 2118
arith_1000 602.3214999999982 71160224 2118
arith_1000 593.1022000000012 71160224 2118
arith_1000 594.7608999999939 71160224 2118
arith_75 0.2459000000017113 23704 1137
arith_75 0.26380000000062864 23704 1137
arith_75 0.23249999999825377 23704 1137
arith_75 0.24169999999867287 23704 1137
arith_75 0.2504999999946449 23704 1137
arith_75 0.2463999999963562 23704 1137
arith_75 0.24710000000050059 23704 1137
arith_75 0.23249999999825377 23704 1137
arith_75 0.2305999999953201 23704 1137
arith_75 0.24340000000665896 23704 1137
composition 1.1111999999993714 347660 7258
composition 1.08980000000156 347660 7258
composition 1.1858000000065658 347660 7258
composition 1.0927000000010594 347660 7258
composition 1.1626000000032946 347660 7258
composition 1.2413000000015018 347660 7258
composition 1.289199999999255 347660 7258
composition 1.165499999995518 347660 7258
composition 1.2834000000002561 347660 7258
composition 1.1556999999957043 347660 7258
funcrec 2.596000000005006 600204 3135
funcrec 2.5996000000013737 600204 3135
funcrec 2.5957000000053085 600204 3135
funcrec 2.389100000000326 600204 3135
funcrec 2.7140999999974156 600204 3135
funcrec 2.417699999998149 600204 3135
funcrec 2.6955999999991036 600204 3135
funcrec 3.0152000000016415 600204 3135
funcrec 2.834900000001653 600204 3135
funcrec 2.7070000000021537 600204 3135
mergesort_4000 1.183499999999185 325024 2596
mergesort_4000 1.0333000000027823 325024 2596
mergesort_4000 1.2518999999956577 325024 2596
mergesort_4000 1.2591000000029453 325024 2596
mergesort_4000 1.054100000001199 325024 2596
mergesort_4000 1.200299999996787 325024 2596
mergesort_4000 1.1198000000003958 325024 2596
mergesort_4000 1.0421000000060303 325024 2596
mergesort_4000 1.1154000000024098 325024 2596
mergesort_4000 1.0377999999982421 325024 2596
mergesort_500 0.1290000000008149 40112 1787
mergesort_500 0.11820000000443542 40112 1787
mergesort_500 0.13290000000415603 40112 1787
mergesort_500 0.1334999999962747 40112 1787
mergesort_500 0.13079999999899883 40112 1787
mergesort_500 0.12569999999686843 40112 1787
mergesort_500 0.13450000000011642 40112 1787
mergesort_500 0.11759999999776483 40112 1787
mergesort_500 0.1224000000001979 40112 1787
mergesort_500 0.1301000000021304 40112 1787
nbody_100 0.797100000003411 392472 4522
nbody_100 0.7658999999985099 392472 4522
nbody_100 0.7790000000022701 392472 4522
nbody_100 0.7791999999972177 392472 4522
nbody_100 0.7236999999950058 392472 4522
nbody_100 0.7695999999996275 392472 4522
nbody_100 0.7797999999966123 392472 4522
nbody_100 0.8253000000040629 392472 4522
nbody_100 0.8099000000001979 392472 4522
nbody_100 0.763200000001234 392472 4522
nbody_1000 10.853499999997439 3877504 5727
nbody_1000 10.400200000003679 3877504 5727
nbody_1000 10.550699999999779 3877504 5727
nbody_1000 9.745100000000093 3877504 5727
nbody_1000 9.971300000004703 3877504 5727
nbody_1000 9.446300000003248 3877504 5727
nbody_1000 9.865200000000186 3877504 5727
nbody_1000 10.131499999995867 3877504 5727
nbody_1000 9.81579999999667 3877504 5727
nbody_1000 9.896300000000338 3877504 5727
splice 305.1554000000033 48048044 1033
splice 307.17609999999695 48048044 1033
splice 319.50190000000293 48048044 1033
splice 305.3425000000061 48048044 1033
splice 315.4174999999959 48048044 1033
splice 311.7005000000063 48048044 1033
splice 307.75509999999485 48048044 1033
splice 330.7783999999956 48048044 1033
splice 316.5309999999954 48048044 1033
splice 303.29849999999715 48048044 1033
Ir
alltrees_10 62.253899999996065 14458732 3126
alltrees_10 64.63700000000244 14458732 3126
alltrees_10 63.65790000000561 14458732 3126
alltrees_10 62.48559999999998 14458732 3126
alltrees_10 64.58329999999842 14458732 3126
alltrees_10 76.41019999999844 14458732 3126
alltrees_10 62.46499999999651 14458732 3126
alltrees_10 64.94320000000153 14458732 3126
alltrees_10 67.28830000000016 14458732 3126
alltrees_10 63.07179999999789 14458732 3126
alltrees_7 0.7926000000006752 327108 1623
alltrees_7 0.7629000000015367 327108 1623
alltrees_7 0.7449999999953434 327108 1623
alltrees_7 0.7767999999996391 327108 1623
alltrees_7 0.800600000002305 327108 1623
alltrees_7 1.015399999996589 327108 1623
alltrees_7 1.1371999999973923 327108 1623
alltrees_7 0.8189000000056694 327108 1623
alltrees_7 0.7672999999995227 327108 1623
alltrees_7 0.8473999999987427 327108 1623
arith_1000 71.93929999999818 8032036 1834
arith_1000 69.4551999999967 8032036 1834
arith_1000 72.45309999999881 8032036 1834
arith_1000 71.17569999999978 8032036 1834
arith_1000 69.73410000000149 8032036 1834
arith_1000 78.2560999999987 8032036 1834
arith_1000 74.91670000000158 8032036 1834
arith_1000 70.60699999999633 8032036 1834
arith_1000 70.95410000000265 8032036 1834
arith_1000 69.0260999999955 8032036 1834
arith_75 0.2315999999991618 23704 1137
arith_75 0.23290000000270084 23704 1137
arith_75 0.2297000000035041 23704 1137
arith_75 0.27030000000377186 23704 1137
arith_75 0.41530000000057044 23704 1137
arith_75 0.26559999999881256 23704 1137
arith_75 0.24470000000292202 23704 1137
arith_75 0.3150000000023283 23704 1137
arith_75 0.26900000000023283 23704 1137
arith_75 0.23660000000381842 23704 1137
composition 1.0357000000003609 340744 6057
composition 1.1569000000017695 340744 6057
composition 1.0319999999992433 340744 6057
composition 1.03519999999844 340744 6057
composition 1.0313000000023749 340744 6057
composition 1.0964999999996508 340744 6057
composition 1.0996000000013737 340744 6057
composition 1.153599999997823 340744 6057
composition 1.184399999998277 340744 6057
composition 1.194999999999709 340744 6057
funcrec 0.32529999999678694 192 2517
funcrec 0.3797000000049593 192 2517
funcrec 0.32699999999749707 192 2517
funcrec 0.3253000000040629 192 2517
funcrec 0.32740000000194414 192 2517
funcrec 0.32620000000315486 192 2517
funcrec 0.3247999999948661 192 2517
funcrec 0.32559999999648426 192 2517
funcrec 0.32590000000345754 192 2517
funcrec 0.3482999999978347 192 2517
mergesort_4000 0.9525999999968917 324976 2855
mergesort_4000 1.0178999999989173 324976 2855
mergesort_4000 1.1449999999967986 324976 2855
mergesort_4000 1.7213000000047032 324976 2855
mergesort_4000 1.0107999999963795 324976 2855
mergesort_4000 1.070400000004156 324976 2855
mergesort_4000 1.0440999999991618 324976 2855
mergesort_4000 1.0856999999959953 324976 2855
mergesort_4000 1.0473999999958323 324976 2855
mergesort_4000 1.0235000000029686 324976 2855
mergesort_500 0.12840000000142027 40112 1787
mergesort_500 0.11819999999715947 40112 1787
mergesort_500 0.1245000000053551 40112 1787
mergesort_500 0.12570000000414439 40112 1787
mergesort_500 0.12529999999969732 40112 1787
mergesort_500 0.14999999999417923 40112 1787
mergesort_500 0.2184999999954016 40112 1787
mergesort_500 0.1992000000027474 40112 1787
mergesort_500 0.13259999999718275 40112 1787
mergesort_500 0.1356999999989057 40112 1787
nbody_100 0.8698000000003958 392472 4522
nbody_100 0.7625000000043656 392472 4522
nbody_100 0.7467000000033295 392472 4522
nbody_100 0.8149999999950523 392472 4522
nbody_100 0.7307999999975436 392472 4522
nbody_100 0.7220999999990454 392472 4522
nbody_100 0.7586000000010245 392472 4522
nbody_100 0.7574000000022352 392472 4522
nbody_100 0.844199999999546 392472 4522
nbody_100 0.7608000000036554 392472 4522
nbody_1000 10.47320000000036 3877336 5181
nbody_1000 10.923799999996845 3877336 5181
nbody_1000 10.545900000004622 3877336 5181
nbody_1000 9.891100000000733 3877336 5181
nbody_1000 10.959100000000035 3877336 5181
nbody_1000 9.8721000000005 3877336 5181
nbody_1000 10.263899999998102 3877336 5181
nbody_1000 9.671300000001793 3877336 5181
nbody_1000 9.668899999996938 3877336 5181
nbody_1000 9.757499999999709 3877336 5181
splice 329.65559999999823 48048044 1033
splice 311.39650000000256 48048044 1033
splice 311.99099999999453 48048044 1033
splice 314.70040000000154 48048044 1033
splice 314.83080000000336 48048044 1033
splice 311.3122000000003 48048044 1033
splice 323.78029999999853 48048044 1033
splice 299.06200000000536 48048044 1033
splice 329.94920000000275 48048044 1033
splice 316.3203999999969 48048044 1033
Graph
alltrees_10 74.93450000000303 14773660 3167
alltrees_10 67.16750000001048 14773660 3167
alltrees_10 61.616399999998976 14773660 3167
alltrees_10 64.6027999999933 14773660 3167
alltrees_10 64.09530000000086 14773660 3167
alltrees_10 64.02490000000398 14773660 3167
alltrees_10 62.6081000000122 14773660 3167
alltrees_10 78.16060000000289 14773660 3167
alltrees_10 63.772199999992154 14773660 3167
alltrees_10 69.37450000000536 14773660 3167
alltrees_7 0.7973999999958323 327108 1623
alltrees_7 0.781299999987823 327108 1623
alltrees_7 0.7168999999994412 327108 1623
alltrees_7 0.7463999999890802 327108 1623
alltrees_7 0.7228000000031898 327108 1623
alltrees_7 0.739000000001397 327108 1623
alltrees_7 1.0768000000098255 327108 1623
alltrees_7 0.7877000000007683 327108 1623
alltrees_7 0.7215999999898486 327108 1623
alltrees_7 0.8176999999996042 327108 1623
arith_1000 590.9251999999979 71160224 2060
arith_1000 621.5671000000002 71160224 2060
arith_1000 585.6610000000073 71160224 2060
arith_1000 590.2332000000024 71160224 2060
arith_1000 622.3188000000082 71160224 2060
arith_1000 581.8133999999991 71160224 2060
arith_1000 599.2958999999973 71160224 2060
arith_1000 619.573900000003 71160224 2060
arith_1000 590.5239000000001 71160224 2060
arith_1000 598.8785000000062 71160224 2060
arith_75 0.2320999999938067 23704 1137
arith_75 0.23070000000006985 23704 1137
arith_75 0.23150000000896398 23704 1137
arith_75 0.31930000000284053 23704 1137
arith_75 0.25340000000142027 23704 1137
arith_75 0.36669999999867287 23704 1137
arith_75 0.25489999999990687 23704 1137
arith_75 0.2679999999963911 23704 1137
arith_75 0.27529999999387655 23704 1137
arith_75 0.24959999999555293 23704 1137
composition 1.1693999999988591 347660 6938
composition 1.1920000000100117 347660 6938
composition 1.1918000000005122 347660 6938
composition 1.1627000000007683 347660 6938
composition 1.0927999999985332 347660 6938
composition 1.3677000000025146 347660 6938
composition 1.1582999999955064 347660 6938
composition 1.1639999999897555 347660 6938
composition 1.155799999993178 347660 6938
composition 1.2265000000043074 347660 6938
funcrec 2.6753000000026077 600204 3023
funcrec 2.4086999999999534 600204 3023
funcrec 3.399700000009034 600204 3023
funcrec 2.531300000002375 600204 3023
funcrec 2.591199999995297 600204 3023
funcrec 2.888700000010431 600204 3023
funcrec 2.6745999999984633 600204 3023
funcrec 2.4152999999932945 600204 3023
funcrec 2.39440000000468 600204 3023
funcrec 2.6875 600204 3023
mergesort_4000 1.095099999991362 325024 2461
mergesort_4000 1.125400000004447 325024 2461
mergesort_4000 2.127199999988079 325024 2461
mergesort_4000 1.3766000000032363 325024 2461
mergesort_4000 1.557199999995646 325024 2461
mergesort_4000 1.4104000000079395 325024 2461
mergesort_4000 1.1790999999939231 325024 2461
mergesort_4000 1.1888999999937369 325024 2461
mergesort_4000 1.1472000000067055 325024 2461
mergesort_4000 1.1049000000057276 325024 2461
mergesort_500 0.13009999999485444 40112 1787
mergesort_500 0.12159999999857973 40112 1787
mergesort_500 0.12529999999969732 40112 1787
mergesort_500 0.11849999999685679 40112 1787
mergesort_500 0.12269999999261927 40112 1787
mergesort_500 0.1287000000011176 40112 1787
mergesort_500 0.14310000000114087 40112 1787
mergesort_500 0.1352000000042608 40112 1787
mergesort_500 0.13760000000183936 40112 1787
mergesort_500 0.12310000001161825 40112 1787
nbody_100 0.9008000000030734 392472 4522
nbody_100 0.7822000000014668 392472 4522
nbody_100 0.7900999999983469 392472 4522
nbody_100 0.7687000000005355 392472 4522
nbody_100 0.7243000000016764 392472 4522
nbody_100 0.8769000000029337 392472 4522
nbody_100 0.7736000000004424 392472 4522
nbody_100 0.720500000010361 392472 4522
nbody_100 0.7761000000027707 392472 4522
nbody_100 0.7324000000080559 392472 4522
nbody_1000 9.88760000000184 3877504 5331
nbody_1000 11.283800000004703 3877504 5331
nbody_1000 9.739500000010594 3877504 5331
nbody_1000 11.242800000007264 3877504 5331
nbody_1000 10.395799999998417 3877504 5331
nbody_1000 10.154300000009243 3877504 5331
nbody_1000 9.894000000000233 3877504 5331
nbody_1000 9.7329000000027 3877504 5331
nbody_1000 9.915599999992992 3877504 5331
nbody_1000 12.019000000000233 3877504 5331
splice 325.6512000000075 48048044 1033
splice 328.6021000000037 48048044 1033
splice 335.35800000000745 48048044 1033
splice 348.0109999999986 48048044 1033
splice 321.55319999999483 48048044 1033
splice 336.0940000000119 48048044 1033
splice 318.38069999999425 48048044 1033
splice 309.02760000000126 48048044 1033
splice 335.519100000005 48048044 1033
splice 307.27090000000317 48048044 1033
All
alltrees_10 69.86629999999423 14458732 3082
alltrees_10 65.41380000000936 14458732 3082
alltrees_10 62.69509999999718 14458732 3082
alltrees_10 65.39710000000196 14458732 3082
alltrees_10 62.960800000000745 14458732 3082
alltrees_10 65.5457999999926 14458732 3082
alltrees_10 77.88169999999809 14458732 3082
alltrees_10 63.4320000000007 14458732 3082
alltrees_10 62.8744999999908 14458732 3082
alltrees_10 63.19210000000021 14458732 3082
alltrees_7 0.7213000000047032 327108 1623
alltrees_7 0.732800000012503 327108 1623
alltrees_7 0.7197000000014668 327108 1623
alltrees_7 0.7280999999929918 327108 1623
alltrees_7 0.7229999999981374 327108 1623
alltrees_7 0.7246999999915715 327108 1623
alltrees_7 0.7952999999979511 327108 1623
alltrees_7 1.2497000000003027 327108 1623
alltrees_7 0.810299999997369 327108 1623
alltrees_7 0.7844999999942956 327108 1623
arith_1000 77.53500000000349 8032036 1781
arith_1000 72.76949999999488 8032036 1781
arith_1000 68.8067999999912 8032036 1781
arith_1000 69.91610000000219 8032036 1781
arith_1000 71.0576000000001 8032036 1781
arith_1000 71.12489999999525 8032036 1781
arith_1000 75.52429999999003 8032036 1781
arith_1000 72.386599999998 8032036 1781
arith_1000 68.23549999999523 8032036 1781
arith_1000 68.19460000000254 8032036 1781
arith_75 0.23040000000037253 23704 1137
arith_75 0.24519999999029096 23704 1137
arith_75 0.232800000012503 23704 1137
arith_75 0.24510000000009313 23704 1137
arith_75 0.23089999999501742 23704 1137
arith_75 0.244299999991199 23704 1137
arith_75 0.24420000000100117 23704 1137
arith_75 0.2707000000082189 23704 1137
arith_75 0.24659999999857973 23704 1137
arith_75 0.2480000000068685 23704 1137
composition 1.2250999999960186 340744 5769
composition 1.0437999999994645 340744 5769
composition 1.0996000000013737 340744 5769
composition 1.0336999999999534 340744 5769
composition 1.336699999999837 340744 5769
composition 1.0667000000103144 340744 5769
composition 1.0550999999977648 340744 5769
composition 1.0528999999951338 340744 5769
composition 1.0718999999953667 340744 5769
composition 1.037800000005518 340744 5769
funcrec 0.3601000000053318 192 2460
funcrec 0.3576000000030035 192 2460
funcrec 0.37880000000586733 192 2460
funcrec 0.3570000000036089 192 2460
funcrec 0.37589999999909196 192 2460
funcrec 0.3383999999932712 192 2460
funcrec 0.35840000001189765 192 2460
funcrec 0.33750000000873115 192 2460
funcrec 0.35719999999855645 192 2460
funcrec 0.3365999999950873 192 2460
mergesort_4000 0.9579999999987194 324976 2754
mergesort_4000 1.0003999999898952 324976 2754
mergesort_4000 1.0100000000093132 324976 2754
mergesort_4000 1.1021999999938998 324976 2754
mergesort_4000 1.012300000002142 324976 2754
mergesort_4000 1.0653000000020256 324976 2754
mergesort_4000 1.1198000000003958 324976 2754
mergesort_4000 1.090700000000652 324976 2754
mergesort_4000 0.9769000000087544 324976 2754
mergesort_4000 1.2532000000064727 324976 2754
mergesort_500 0.1279999999969732 40112 1787
mergesort_500 0.13179999998828862 40112 1787
mergesort_500 0.13450000000011642 40112 1787
mergesort_500 0.12889999999606516 40112 1787
mergesort_500 0.1312000000034459 40112 1787
mergesort_500 0.1316999999980908 40112 1787
mergesort_500 0.1304999999993015 40112 1787
mergesort_500 0.14299999999639113 40112 1787
mergesort_500 0.12560000001394656 40112 1787
mergesort_500 0.14400000000023283 40112 1787
nbody_100 0.8006999999925029 392472 4522
nbody_100 0.8467000000091502 392472 4522
nbody_100 0.797999999995227 392472 4522
nbody_100 0.8623999999981606 392472 4522
nbody_100 0.8225999999995111 392472 4522
nbody_100 0.7687000000005355 392472 4522
nbody_100 0.7829000000056112 392472 4522
nbody_100 0.7180000000080327 392472 4522
nbody_100 0.7175999999890337 392472 4522
nbody_100 0.7586999999912223 392472 4522
nbody_1000 11.382100000002538 3877336 5068
nbody_1000 11.002200000002631 3877336 5068
nbody_1000 9.943899999998393 3877336 5068
nbody_1000 10.435899999996764 3877336 5068
nbody_1000 10.222899999993388 3877336 5068
nbody_1000 10.858299999992596 3877336 5068
nbody_1000 9.905299999998533 3877336 5068
nbody_1000 10.922999999995227 3877336 5068
nbody_1000 9.841199999995297 3877336 5068
nbody_1000 9.653100000010454 3877336 5068
splice 300.54199999998673 48048044 1033
splice 320.95040000000154 48048044 1033
splice 315.5170999999973 48048044 1033
splice 305.9496999999974 48048044 1033
splice 312.18589999999676 48048044 1033
splice 310.5820999999996 48048044 1033
splice 331.9065999999875 48048044 1033
splice 311.06939999999304 48048044 1033
splice 307.3116000000009 48048044 1033
splice 321.4701999999961 48048044 1033
