None
alltrees_10 50.488399999994726 11979208 1772
alltrees_10 45.8862999999983 11979208 1772
alltrees_10 46.781300000002375 11979208 1772
alltrees_10 46.42149999999674 11979208 1772
alltrees_10 60.89899999999761 11979208 1772
alltrees_10 52.59799999999814 11979208 1772
alltrees_10 58.008999999998196 11979208 1772
alltrees_10 49.26499999999942 11979208 1772
alltrees_10 50.627400000004855 11979208 1772
alltrees_10 50.844199999999546 11979208 1772
alltrees_7 0.755700000001525 338772 1772
alltrees_7 0.9006999999983236 338772 1772
alltrees_7 0.7624000000068918 338772 1772
alltrees_7 0.8188999999983935 338772 1772
alltrees_7 0.8375000000014552 338772 1772
alltrees_7 0.8566000000064378 338772 1772
alltrees_7 0.8965000000025611 338772 1772
alltrees_7 0.83009999999922 338772 1772
alltrees_7 0.900500000003376 338772 1772
alltrees_7 0.7883999999976368 338772 1772
arith_1000 309.82540000000154 37582096 1184
arith_1000 315.6947 37582096 1184
arith_1000 314.76950000000215 37582096 1184
arith_1000 317.696100000001 37582096 1184
arith_1000 339.5421999999962 37582096 1184
arith_1000 337.283500000005 37582096 1184
arith_1000 310.20790000000125 37582096 1184
arith_1000 323.0025999999998 37582096 1184
arith_1000 304.45030000000406 37582096 1184
arith_1000 333.8277999999991 37582096 1184
arith_75 0.6595999999990454 164164 1184
arith_75 0.6106999999974505 164164 1184
arith_75 0.7042000000001281 164164 1184
arith_75 0.733699999997043 164164 1184
arith_75 0.6480999999985215 164164 1184
arith_75 0.6510000000052969 164164 1184
arith_75 0.5965999999971245 164164 1184
arith_75 0.604299999999057 164164 1184
arith_75 0.5967999999993481 164164 1184
arith_75 0.6437999999980093 164164 1184
composition 0.9461000000010245 262908 4184
composition 1.0222999999969034 262908 4184
composition 1.132499999999709 262908 4184
composition 1.0976000000009662 262908 4184
composition 0.9375999999974738 262908 4184
composition 1.0780000000013388 262908 4184
composition 0.9960999999966589 262908 4184
composition 1.0288000000000466 262908 4184
composition 0.94720000000234 262908 4184
composition 1.0956999999980326 262908 4184
funcrec 2.682600000000093 600128 1600
funcrec 2.54309999999532 600128 1600
funcrec 2.544399999998859 600128 1600
funcrec 2.641300000002957 600128 1600
funcrec 2.8506999999954132 600128 1600
funcrec 2.6719999999986612 600128 1600
funcrec 2.710800000000745 600128 1600
funcrec 2.825700000001234 600128 1600
funcrec 2.719700000001467 600128 1600
funcrec 2.7409999999945285 600128 1600
mergesort_4000 1.116200000004028 292144 1606
mergesort_4000 0.9914000000062515 292144 1606
mergesort_4000 1.036499999994703 292144 1606
mergesort_4000 1.0403999999980442 292144 1606
mergesort_4000 0.9795999999987544 292144 1606
mergesort_4000 1.0289000000047963 292144 1606
mergesort_4000 0.9746999999988475 292144 1606
mergesort_4000 1.094199999999546 292144 1606
mergesort_4000 1.1924999999973807 292144 1606
mergesort_4000 1.017200000002049 292144 1606
mergesort_500 0.13879999999335269 40144 1606
mergesort_500 0.15520000000105938 40144 1606
mergesort_500 0.1408000000010361 40144 1606
mergesort_500 0.12999999999738066 40144 1606
mergesort_500 0.15819999999803258 40144 1606
mergesort_500 0.12599999999656575 40144 1606
mergesort_500 0.13509999999951106 40144 1606
mergesort_500 0.13749999999708962 40144 1606
mergesort_500 0.14189999999507563 40144 1606
mergesort_500 0.12529999999969732 40144 1606
nbody_100 0.777700000006007 392640 5185
nbody_100 0.7379000000000815 392640 5185
nbody_100 1.1618999999991502 392640 5185
nbody_100 0.7839999999996508 392640 5185
nbody_100 0.7862999999997555 392640 5185
nbody_100 0.9798000000009779 392640 5185
nbody_100 0.8853000000017346 392640 5185
nbody_100 0.7167000000044936 392640 5185
nbody_100 0.7779999999984284 392640 5185
nbody_100 0.7629000000015367 392640 5185
nbody_1000 9.765699999996286 3877440 5185
nbody_1000 10.051800000001094 3877440 5185
nbody_1000 9.94840000000113 3877440 5185
nbody_1000 9.509500000000116 3877440 5185
nbody_1000 9.520000000004075 3877440 5185
nbody_1000 9.621299999998882 3877440 5185
nbody_1000 10.421900000001187 3877440 5185
nbody_1000 10.424699999995937 3877440 5185
nbody_1000 12.696600000002945 3877440 5185
nbody_1000 11.08929999999964 3877440 5185
splice 313.0758999999962 48048044 1033
splice 307.4088999999949 48048044 1033
splice 334.1947 48048044 1033
splice 305.38410000000295 48048044 1033
splice 330.6857000000018 48048044 1033
splice 310.0567999999985 48048044 1033
splice 300.7668000000049 48048044 1033
splice 320.87829999999667 48048044 1033
splice 314.05080000000453 48048044 1033
splice 310.49899999999616 48048044 1033
Ir
alltrees_10 48.27089999999589 11664280 1666
alltrees_10 46.39990000000398 11664280 1666
alltrees_10 46.66790000000037 11664280 1666
alltrees_10 45.675900000002 11664280 1666
alltrees_10 47.45929999999498 11664280 1666
alltrees_10 48.83950000000186 11664280 1666
alltrees_10 54.644200000002456 11664280 1666
alltrees_10 50.92899999999645 11664280 1666
alltrees_10 52.92280000000028 11664280 1666
alltrees_10 47.7699999999968 11664280 1666
alltrees_7 0.7704999999987194 338772 1772
alltrees_7 0.7536000000036438 338772 1772
alltrees_7 0.7680000000036671 338772 1772
alltrees_7 0.7535999999963678 338772 1772
alltrees_7 0.7801000000035856 338772 1772
alltrees_7 0.7529999999969732 338772 1772
alltrees_7 1.0141999999977998 338772 1772
alltrees_7 0.8387000000002445 338772 1772
alltrees_7 0.8799999999973807 338772 1772
alltrees_7 0.7643000000025495 338772 1772
arith_1000 60.023300000000745 4004016 1121
arith_1000 57.03659999999945 4004016 1121
arith_1000 56.81460000000516 4004016 1121
arith_1000 55.29460000000108 4004016 1121
arith_1000 53.71979999999894 4004016 1121
arith_1000 54.51329999999871 4004016 1121
arith_1000 62.569400000000314 4004016 1121
arith_1000 59.276599999997416 4004016 1121
arith_1000 59.89660000000731 4004016 1121
arith_1000 56.92139999999199 4004016 1121
arith_75 0.5920999999943888 164164 1184
arith_75 0.6337000000057742 164164 1184
arith_75 0.5915999999997439 164164 1184
arith_75 0.5945000000065193 164164 1184
arith_75 0.5930000000080327 164164 1184
arith_75 0.5951999999961117 164164 1184
arith_75 0.6303999999945518 164164 1184
arith_75 0.6068999999988591 164164 1184
arith_75 0.6300000000046566 164164 1184
arith_75 0.6875 164164 1184
composition 0.9642000000021653 254956 4243
composition 0.8622000000032131 254956 4243
composition 1.0409999999974389 254956 4243
composition 0.8628999999928055 254956 4243
composition 0.8901000000041677 254956 4243
composition 0.9162000000069384 254956 4243
composition 0.9245999999984633 254956 4243
composition 0.9165000000066357 254956 4243
composition 0.8819999999977881 254956 4243
composition 0.8653999999951338 254956 4243
funcrec 0.3812999999936437 108 1571
funcrec 0.3252000000065891 108 1571
funcrec 0.3256000000110362 108 1571
funcrec 0.3571000000083586 108 1571
funcrec 0.37690000000293367 108 1571
funcrec 0.36710000000311993 108 1571
funcrec 0.32559999999648426 108 1571
funcrec 0.36789999999746215 108 1571
funcrec 0.32529999999678694 108 1571
funcrec 0.32609999999112915 108 1571
mergesort_4000 0.9131000000052154 292112 1890
mergesort_4000 0.9418000000005122 292112 1890
mergesort_4000 0.9786999999923864 292112 1890
mergesort_4000 1.283900000009453 292112 1890
mergesort_4000 0.9106999999930849 292112 1890
mergesort_4000 1.443199999994249 292112 1890
mergesort_4000 0.9640999999974156 292112 1890
mergesort_4000 0.9882000000070548 292112 1890
mergesort_4000 0.9542999999976018 292112 1890
mergesort_4000 1.0383999999903608 292112 1890
mergesort_500 0.17399999999906868 40144 1606
mergesort_500 0.13689999999769498 40144 1606
mergesort_500 0.1551000000035856 40144 1606
mergesort_500 0.1448999999993248 40144 1606
mergesort_500 0.13940000000002328 40144 1606
mergesort_500 0.12669999999343418 40144 1606
mergesort_500 0.1334999999962747 40144 1606
mergesort_500 0.13060000000405125 40144 1606
mergesort_500 0.13240000000223517 40144 1606
mergesort_500 0.13030000000435393 40144 1606
nbody_100 1.3567999999941094 392640 5185
nbody_100 0.7220000000088476 392640 5185
nbody_100 0.7629000000015367 392640 5185
nbody_100 0.900099999998929 392640 5185
nbody_100 0.8006999999925029 392640 5185
nbody_100 0.7731000000057975 392640 5185
nbody_100 0.7143999999971129 392640 5185
nbody_100 0.764100000000326 392640 5185
nbody_100 0.7997000000032131 392640 5185
nbody_100 0.8300999999919441 392640 5185
nbody_1000 9.940199999997276 3877272 4639
nbody_1000 9.828599999993457 3877272 4639
nbody_1000 10.232400000008056 3877272 4639
nbody_1000 9.589500000001863 3877272 4639
nbody_1000 9.49539999999979 3877272 4639
nbody_1000 9.548300000009476 3877272 4639
nbody_1000 10.111100000009174 3877272 4639
nbody_1000 10.778300000005402 3877272 4639
nbody_1000 9.764899999994668 3877272 4639
nbody_1000 9.911799999987124 3877272 4639
splice 309.71480000000156 48048044 1033
splice 311.45990000000165 48048044 1033
splice 336.76900000000023 48048044 1033
splice 303.34799999999814 48048044 1033
splice 326.69520000000193 48048044 1033
splice 313.00930000000517 48048044 1033
splice 300.67179999999644 48048044 1033
splice 336.93910000000324 48048044 1033
splice 304.97879999999714 48048044 1033
splice 321.8966000000073 48048044 1033
Graph
alltrees_10 46.960800000000745 11979208 1648
alltrees_10 48.170799999992596 11979208 1648
alltrees_10 48.47609999999986 11979208 1648
alltrees_10 48.3292999999976 11979208 1648
alltrees_10 60.747099999993225 11979208 1648
alltrees_10 50.72039999999106 11979208 1648
alltrees_10 52.76589999999851 11979208 1648
alltrees_10 48.16379999999481 11979208 1648
alltrees_10 49.72320000000764 11979208 1648
alltrees_10 49.060799999992014 11979208 1648
alltrees_7 0.8610999999946216 338772 1772
alltrees_7 0.8312000000005355 338772 1772
alltrees_7 0.8953000000037719 338772 1772
alltrees_7 0.7673000000067987 338772 1772
alltrees_7 0.7926000000006752 338772 1772
alltrees_7 1.802800000004936 338772 1772
alltrees_7 0.8654999999998836 338772 1772
alltrees_7 0.8076000000000931 338772 1772
alltrees_7 0.7712999999930616 338772 1772
alltrees_7 0.8418000000092434 338772 1772
arith_1000 302.4296999999933 37582096 1089
arith_1000 325.18279999999504 37582096 1089
arith_1000 317.5472000000009 37582096 1089
arith_1000 301.4924000000028 37582096 1089
arith_1000 331.43610000000626 37582096 1089
arith_1000 312.1909000000014 37582096 1089
arith_1000 303.3460999999952 37582096 1089
arith_1000 338.71590000001015 37582096 1089
arith_1000 307.6094999999914 37582096 1089
arith_1000 323.74199999999837 37582096 1089
arith_75 0.6453999999939697 164164 1184
arith_75 0.6634000000049127 164164 1184
arith_75 0.6193000000057509 164164 1184
arith_75 0.7413999999989755 164164 1184
arith_75 0.6662999999971362 164164 1184
arith_75 0.6339000000007218 164164 1184
arith_75 0.6110000000044238 164164 1184
arith_75 0.6019000000087544 164164 1184
arith_75 0.6048000000009779 164164 1184
arith_75 0.6310999999986961 164164 1184
composition 1.093799999987823 262908 3701
composition 1.3016999999963446 262908 3701
composition 1.12149999999383 262908 3701
composition 1.6779999999998836 262908 3701
composition 1.0822000000043772 262908 3701
composition 1.0885999999882188 262908 3701
composition 1.072199999995064 262908 3701
composition 1.0304999999934807 262908 3701
composition 1.0598000000027241 262908 3701
composition 0.9974999999976717 262908 3701
funcrec 2.6793000000034226 600128 1425
funcrec 2.6722000000008848 600128 1425
funcrec 2.57050000000163 600128 1425
funcrec 2.517999999996391 600128 1425
funcrec 2.6972999999998137 600128 1425
funcrec 2.6631999999954132 600128 1425
funcrec 2.688399999999092 600128 1425
funcrec 2.9057000000029802 600128 1425
funcrec 3.229699999996228 600128 1425
funcrec 2.6687999999994645 600128 1425
mergesort_4000 1.123200000001816 292144 1431
mergesort_4000 1.0559999999968568 292144 1431
mergesort_4000 0.9820999999938067 292144 1431
mergesort_4000 1.556299999996554 292144 1431
mergesort_4000 1.0307000000029802 292144 1431
mergesort_4000 1.0106999999989057 292144 1431
mergesort_4000 0.9732999999978347 292144 1431
mergesort_4000 1.038300000000163 292144 1431
mergesort_4000 1.2001999999920372 292144 1431
mergesort_4000 0.9742000000114786 292144 1431
mergesort_500 0.1331999999965774 40144 1606
mergesort_500 0.15609999999287538 40144 1606
mergesort_500 0.1437000000005355 40144 1606
mergesort_500 0.13679999999294523 40144 1606
mergesort_500 0.13940000000002328 40144 1606
mergesort_500 0.14320000000589062 40144 1606
mergesort_500 0.13640000000305008 40144 1606
mergesort_500 0.1406999999890104 40144 1606
mergesort_500 0.13700000000244472 40144 1606
mergesort_500 0.13100000000849832 40144 1606
nbody_100 0.7912999999971362 392640 5185
nbody_100 0.7578000000066822 392640 5185
nbody_100 0.7756000000081258 392640 5185
nbody_100 0.7839999999996508 392640 5185
nbody_100 0.7611000000033528 392640 5185
nbody_100 0.8214000000007218 392640 5185
nbody_100 1.737299999993411 392640 5185
nbody_100 0.8080000000045402 392640 5185
nbody_100 0.8058000000019092 392640 5185
nbody_100 1.1006999999954132 392640 5185
nbody_1000 9.98420000000624 3877440 4759
nbody_1000 9.47620000000461 3877440 4759
nbody_1000 9.78200000000652 3877440 4759
nbody_1000 9.633699999991222 3877440 4759
nbody_1000 9.614899999985937 3877440 4759
nbody_1000 10.100800000000163 3877440 4759
nbody_1000 10.489000000001397 3877440 4759
nbody_1000 9.623699999996461 3877440 4759
nbody_1000 10.397499999991851 3877440 4759
nbody_1000 10.822400000004563 3877440 4759
splice 310.9247999999934 48048044 1033
splice 303.3350000000064 48048044 1033
splice 331.52470000000903 48048044 1033
splice 313.65130000001227 48048044 1033
splice 318.76110000000335 48048044 1033
splice 319.3719999999885 48048044 1033
splice 299.13580000000366 48048044 1033
splice 333.5497999999934 48048044 1033
splice 312.86179999999877 48048044 1033
splice 307.31350000000384 48048044 1033
All
alltrees_10 45.96370000000752 11664280 1615
alltrees_10 47.677800000004936 11664280 1615
alltrees_10 45.98050000000512 11664280 1615
alltrees_10 46.94740000000456 11664280 1615
alltrees_10 49.12630000000354 11664280 1615
alltrees_10 49.97030000000086 11664280 1615
alltrees_10 53.43739999999525 11664280 1615
alltrees_10 46.8579999999929 11664280 1615
alltrees_10 50.425600000002305 11664280 1615
alltrees_10 45.89470000000438 11664280 1615
alltrees_7 0.7559999999939464 338772 1772
alltrees_7 0.7647999999899184 338772 1772
alltrees_7 0.7556000000040513 338772 1772
alltrees_7 0.8030999999900814 338772 1772
alltrees_7 0.8142999999981839 338772 1772
alltrees_7 0.8144999999931315 338772 1772
alltrees_7 0.7593999999953667 338772 1772
alltrees_7 0.8274999999994179 338772 1772
alltrees_7 1.5829999999987194 338772 1772
alltrees_7 0.846399999994901 338772 1772
arith_1000 57.66129999999248 4004016 1065
arith_1000 57.032500000001164 4004016 1065
arith_1000 56.28489999999874 4004016 1065
arith_1000 57.18540000000212 4004016 1065
arith_1000 55.94670000000042 4004016 1065
arith_1000 57.17059999999765 4004016 1065
arith_1000 55.97609999999986 4004016 1065
arith_1000 64.22340000000258 4004016 1065
arith_1000 54.69999999999709 4004016 1065
arith_1000 59.70660000000498 4004016 1065
arith_75 0.6012999999948079 164164 1184
arith_75 0.6068999999988591 164164 1184
arith_75 0.6077000000077533 164164 1184
arith_75 0.5953000000008615 164164 1184
arith_75 0.650099999998929 164164 1184
arith_75 0.5933999999979278 164164 1184
arith_75 0.5927000000083353 164164 1184
arith_75 0.6725000000005821 164164 1184
arith_75 0.5965000000142027 164164 1184
arith_75 0.6293999999907101 164164 1184
composition 0.9556000000011409 254956 3914
composition 0.9821999999985565 254956 3914
composition 0.9116999999969266 254956 3914
composition 0.9741000000067288 254956 3914
composition 0.9109000000025844 254956 3914
composition 0.9035000000003492 254956 3914
composition 0.9081000000005588 254956 3914
composition 0.9261999999871477 254956 3914
composition 0.8635999999969499 254956 3914
composition 0.8597999999910826 254956 3914
funcrec 0.3349000000016531 108 1495
funcrec 0.31439999998838175 108 1495
funcrec 0.31600000000617 108 1495
funcrec 0.3347000000067055 108 1495
funcrec 0.3495999999868218 108 1495
funcrec 0.35199999999895226 108 1495
funcrec 0.3454000000056112 108 1495
funcrec 0.31539999999222346 108 1495
funcrec 0.35169999999925494 108 1495
funcrec 0.324399999997695 108 1495
mergesort_4000 0.983299999992596 292112 1781
mergesort_4000 1.6569000000017695 292112 1781
mergesort_4000 0.9303999999974621 292112 1781
mergesort_4000 0.9170000000012806 292112 1781
mergesort_4000 0.9665000000095461 292112 1781
mergesort_4000 0.9733000000123866 292112 1781
mergesort_4000 0.9953000000095926 292112 1781
mergesort_4000 0.9252999999880558 292112 1781
mergesort_4000 0.9114999999874271 292112 1781
mergesort_4000 0.9878000000026077 292112 1781
mergesort_500 0.14650000000256114 40144 1606
mergesort_500 0.13790000000153668 40144 1606
mergesort_500 0.13210000000253785 40144 1606
mergesort_500 0.147899999996298 40144 1606
mergesort_500 0.13809999999648426 40144 1606
mergesort_500 0.1294999999954598 40144 1606
mergesort_500 0.1287000000011176 40144 1606
mergesort_500 0.1347000000096159 40144 1606
mergesort_500 0.12989999999990687 40144 1606
mergesort_500 0.12570000000414439 40144 1606
nbody_100 0.7924999999959255 392640 5185
nbody_100 0.7203000000008615 392640 5185
nbody_100 0.7182000000029802 392640 5185
nbody_100 0.809399999998277 392640 5185
nbody_100 0.7664999999979045 392640 5185
nbody_100 0.8044999999983702 392640 5185
nbody_100 0.7586000000010245 392640 5185
nbody_100 0.7829000000056112 392640 5185
nbody_100 0.8281999999890104 392640 5185
nbody_100 0.7661000000080094 392640 5185
nbody_1000 10.28070000000298 3877272 4512
nbody_1000 9.66009999999369 3877272 4512
nbody_1000 9.829999999987194 3877272 4512
nbody_1000 9.948300000003655 3877272 4512
nbody_1000 9.724700000006123 3877272 4512
nbody_1000 10.982499999998254 3877272 4512
nbody_1000 9.940999999991618 3877272 4512
nbody_1000 9.868900000001304 3877272 4512
nbody_1000 10.55000000000291 3877272 4512
nbody_1000 10.119100000010803 3877272 4512
splice 312.7497000000003 48048044 1033
splice 302.49959999999555 48048044 1033
splice 337.99890000000596 48048044 1033
splice 298.4296999999933 48048044 1033
splice 321.90999999998894 48048044 1033
splice 320.6106 48048044 1033
splice 315.4571999999898 48048044 1033
splice 327.76089999999385 48048044 1033
splice 306.33460000000196 48048044 1033
splice 307.4802000000054 48048044 1033
