None
alltrees_10 47.89059999957681 11979208 1772
alltrees_10 48.617800001055 11979208 1772
alltrees_10 49.16170000098646 11979208 1772
alltrees_10 50.522600000724196 11979208 1772
alltrees_10 50.494699999690056 11979208 1772
alltrees_10 52.199899999424815 11979208 1772
alltrees_10 54.42609999887645 11979208 1772
alltrees_10 50.556300001218915 11979208 1772
alltrees_10 50.01250000111759 11979208 1772
alltrees_10 49.82620000094175 11979208 1772
alltrees_7 0.8004000000655651 338772 1772
alltrees_7 0.757999999448657 338772 1772
alltrees_7 0.7779000010341406 338772 1772
alltrees_7 0.7549999989569187 338772 1772
alltrees_7 0.7719999998807907 338772 1772
alltrees_7 0.9839000012725592 338772 1772
alltrees_7 0.8248999994248152 338772 1772
alltrees_7 1.1000999994575977 338772 1772
alltrees_7 0.8665000014007092 338772 1772
alltrees_7 0.8004999998956919 338772 1772
arith_1000 310.4300999995321 37582096 1184
arith_1000 298.18989999964833 37582096 1184
arith_1000 333.3402000013739 37582096 1184
arith_1000 301.86240000091493 37582096 1184
arith_1000 320.2931999992579 37582096 1184
arith_1000 312.1952999997884 37582096 1184
arith_1000 310.12410000152886 37582096 1184
arith_1000 324.57079999893904 37582096 1184
arith_1000 314.2205999996513 37582096 1184
arith_1000 302.90269999951124 37582096 1184
arith_75 0.7292999997735023 164164 1184
arith_75 0.7012000009417534 164164 1184
arith_75 0.6472000014036894 164164 1184
arith_75 0.633100001141429 164164 1184
arith_75 0.6974999997764826 164164 1184
arith_75 0.5993000008165836 164164 1184
arith_75 0.5885999985039234 164164 1184
arith_75 0.6304999999701977 164164 1184
arith_75 0.5922999996691942 164164 1184
arith_75 0.6045999992638826 164164 1184
composition 0.9984999988228083 262908 4184
composition 0.9577999990433455 262908 4184
composition 1.124600000679493 262908 4184
composition 0.9836999997496605 262908 4184
composition 1.0346999987959862 262908 4184
composition 1.038299998268485 262908 4184
composition 1.0956999994814396 262908 4184
composition 1.029500000178814 262908 4184
composition 0.9480999987572432 262908 4184
composition 1.0576999988406897 262908 4184
funcrec 2.5284000001847744 600128 1600
funcrec 2.587099999189377 600128 1600
funcrec 2.7351000010967255 600128 1600
funcrec 2.58390000090003 600128 1600
funcrec 2.690700000151992 600128 1600
funcrec 2.6918000001460314 600128 1600
funcrec 2.9069999996572733 600128 1600
funcrec 2.7889999989420176 600128 1600
funcrec 2.5801999997347593 600128 1600
funcrec 2.6971000004559755 600128 1600
mergesort_4000 1.1474999990314245 292144 1606
mergesort_4000 1.134400000795722 292144 1606
mergesort_4000 1.0334000010043383 292144 1606
mergesort_4000 1.4066000003367662 292144 1606
mergesort_4000 1.1104000005871058 292144 1606
mergesort_4000 0.9793999996036291 292144 1606
mergesort_4000 1.078999999910593 292144 1606
mergesort_4000 0.9812000002712011 292144 1606
mergesort_4000 0.9946999996900558 292144 1606
mergesort_4000 1.0376000013202429 292144 1606
mergesort_500 0.1261999998241663 40144 1606
mergesort_500 0.2850000001490116 40144 1606
mergesort_500 0.24960000067949295 40144 1606
mergesort_500 0.12749999947845936 40144 1606
mergesort_500 0.13269999995827675 40144 1606
mergesort_500 0.2064999993890524 40144 1606
mergesort_500 0.142000000923872 40144 1606
mergesort_500 0.15210000053048134 40144 1606
mergesort_500 0.12429999932646751 40144 1606
mergesort_500 0.1460999995470047 40144 1606
nbody_100 0.7828999999910593 392640 5185
nbody_100 0.7662999983876944 392640 5185
nbody_100 0.7645999994128942 392640 5185
nbody_100 0.7230999991297722 392640 5185
nbody_100 0.7472000010311604 392640 5185
nbody_100 0.7641000002622604 392640 5185
nbody_100 0.7957000005990267 392640 5185
nbody_100 0.9306000005453825 392640 5185
nbody_100 0.7642000000923872 392640 5185
nbody_100 0.8826999999582767 392640 5185
nbody_1000 10.987700000405312 3877440 5185
nbody_1000 9.635999999940395 3877440 5185
nbody_1000 11.349899999797344 3877440 5185
nbody_1000 9.869100000709295 3877440 5185
nbody_1000 9.751600001007318 3877440 5185
nbody_1000 9.908299999311566 3877440 5185
nbody_1000 9.850599998608232 3877440 5185
nbody_1000 9.86769999936223 3877440 5185
nbody_1000 9.80570000037551 3877440 5185
nbody_1000 9.915100000798702 3877440 5185
splice 325.8072999995202 48048044 1033
splice 303.6774999983609 48048044 1033
splice 312.99599999934435 48048044 1033
splice 310.0229000002146 48048044 1033
splice 304.76640000008047 48048044 1033
splice 325.0777000002563 48048044 1033
splice 318.01590000092983 48048044 1033
splice 303.50929999910295 48048044 1033
splice 321.7270999997854 48048044 1033
splice 303.4190999995917 48048044 1033
Ir
alltrees_10 54.27170000039041 11664280 1666
alltrees_10 48.61849999986589 11664280 1666
alltrees_10 49.69470000080764 11664280 1666
alltrees_10 52.25730000063777 11664280 1666
alltrees_10 47.189500000327826 11664280 1666
alltrees_10 46.33259999938309 11664280 1666
alltrees_10 48.48809999972582 11664280 1666
alltrees_10 48.02980000153184 11664280 1666
alltrees_10 58.64619999937713 11664280 1666
alltrees_10 50.10880000144243 11664280 1666
alltrees_7 0.8147999998182058 338772 1772
alltrees_7 0.8087000008672476 338772 1772
alltrees_7 0.7502999994903803 338772 1772
alltrees_7 0.8401999995112419 338772 1772
alltrees_7 0.7565000001341105 338772 1772
alltrees_7 0.7940999995917082 338772 1772
alltrees_7 0.758899999782443 338772 1772
alltrees_7 0.7803000006824732 338772 1772
alltrees_7 0.7990999985486269 338772 1772
alltrees_7 0.777199998497963 338772 1772
arith_1000 56.929400000721216 4020000 1171
arith_1000 60.5812999997288 4020000 1171
arith_1000 56.06350000016391 4020000 1171
arith_1000 56.69679999910295 4020000 1171
arith_1000 57.55309999920428 4020000 1171
arith_1000 56.88649999909103 4020000 1171
arith_1000 57.819499999284744 4020000 1171
arith_1000 60.13250000029802 4020000 1171
arith_1000 56.683000000193715 4020000 1171
arith_1000 65.34380000084639 4020000 1171
arith_75 0.633899999782443 164164 1184
arith_75 0.6635000016540289 164164 1184
arith_75 0.6742000002413988 164164 1184
arith_75 0.6367999985814095 164164 1184
arith_75 0.6145999990403652 164164 1184
arith_75 0.5998999997973442 164164 1184
arith_75 0.6392000000923872 164164 1184
arith_75 0.601800000295043 164164 1184
arith_75 0.6030000001192093 164164 1184
arith_75 0.6310999989509583 164164 1184
composition 1.1907000001519918 256572 4429
composition 0.8653000015765429 256572 4429
composition 0.8714000005275011 256572 4429
composition 0.915200000628829 256572 4429
composition 0.9869999997317791 256572 4429
composition 0.9124000016599894 256572 4429
composition 0.8657000008970499 256572 4429
composition 0.9731000009924173 256572 4429
composition 0.8771999999880791 256572 4429
composition 0.9058999996632338 256572 4429
funcrec 0.3459999989718199 108 1571
funcrec 0.3407999984920025 108 1571
funcrec 0.3250999990850687 108 1571
funcrec 0.328600000590086 108 1571
funcrec 0.3265000004321337 108 1571
funcrec 0.37760000117123127 108 1571
funcrec 0.3472000006586313 108 1571
funcrec 0.3276000004261732 108 1571
funcrec 0.34549999982118607 108 1571
funcrec 0.36370000056922436 108 1571
mergesort_4000 0.9627999998629093 292112 1890
mergesort_4000 0.9236999992281199 292112 1890
mergesort_4000 1.0195000004023314 292112 1890
mergesort_4000 0.9243000000715256 292112 1890
mergesort_4000 0.9725000001490116 292112 1890
mergesort_4000 0.9254999998956919 292112 1890
mergesort_4000 0.9147999994456768 292112 1890
mergesort_4000 0.94960000179708 292112 1890
mergesort_4000 0.9113999996334314 292112 1890
mergesort_4000 0.9540999997407198 292112 1890
mergesort_500 0.13450000062584877 40144 1606
mergesort_500 0.13289999961853027 40144 1606
mergesort_500 0.14319999888539314 40144 1606
mergesort_500 0.14409999921917915 40144 1606
mergesort_500 0.14550000056624413 40144 1606
mergesort_500 0.1489999983459711 40144 1606
mergesort_500 0.13389999978244305 40144 1606
mergesort_500 0.19189999997615814 40144 1606
mergesort_500 0.13499999977648258 40144 1606
mergesort_500 0.12939999997615814 40144 1606
nbody_100 0.7610999997705221 392640 5185
nbody_100 0.7905000001192093 392640 5185
nbody_100 0.7673000004142523 392640 5185
nbody_100 0.7393999993801117 392640 5185
nbody_100 0.7693999987095594 392640 5185
nbody_100 0.766100000590086 392640 5185
nbody_100 0.7522999998182058 392640 5185
nbody_100 0.8377999998629093 392640 5185
nbody_100 0.8088000006973743 392640 5185
nbody_100 0.810699999332428 392640 5185
nbody_1000 9.725299999117851 3877272 4639
nbody_1000 10.957499999552965 3877272 4639
nbody_1000 9.73450000025332 3877272 4639
nbody_1000 10.169199999421835 3877272 4639
nbody_1000 10.158600000664592 3877272 4639
nbody_1000 9.718900000676513 3877272 4639
nbody_1000 9.910699998959899 3877272 4639
nbody_1000 9.461800001561642 3877272 4639
nbody_1000 9.861700000241399 3877272 4639
nbody_1000 9.770400000736117 3877272 4639
splice 327.2030999995768 48048044 1033
splice 291.98629999905825 48048044 1033
splice 311.91620000079274 48048044 1033
splice 310.70419999957085 48048044 1033
splice 298.4413999989629 48048044 1033
splice 321.0745000001043 48048044 1033
splice 314.8594000004232 48048044 1033
splice 317.73209999874234 48048044 1033
splice 327.2597000002861 48048044 1033
splice 304.5472999997437 48048044 1033
Graph
alltrees_10 49.19270000047982 11979208 1648
alltrees_10 51.18769999966025 11979208 1648
alltrees_10 48.7079999987036 11979208 1648
alltrees_10 49.792200000956655 11979208 1648
alltrees_10 47.82019999995828 11979208 1648
alltrees_10 48.82719999924302 11979208 1648
alltrees_10 48.98330000042915 11979208 1648
alltrees_10 58.12980000115931 11979208 1648
alltrees_10 53.017100000754 11979208 1648
alltrees_10 53.962899999693036 11979208 1648
alltrees_7 0.8059000000357628 338772 1772
alltrees_7 0.7802000008523464 338772 1772
alltrees_7 0.8092999998480082 338772 1772
alltrees_7 0.8220999985933304 338772 1772
alltrees_7 0.8015999998897314 338772 1772
alltrees_7 0.7644999995827675 338772 1772
alltrees_7 0.8020000010728836 338772 1772
alltrees_7 0.8283999990671873 338772 1772
alltrees_7 0.8038999997079372 338772 1772
alltrees_7 0.7992000002413988 338772 1772
arith_1000 341.77259999886155 37582096 1089
arith_1000 306.9682999998331 37582096 1089
arith_1000 333.49179999902844 37582096 1089
arith_1000 313.94600000046194 37582096 1089
arith_1000 309.23169999942183 37582096 1089
arith_1000 335.1333000008017 37582096 1089
arith_1000 303.96160000003874 37582096 1089
arith_1000 303.8784999996424 37582096 1089
arith_1000 318.69050000049174 37582096 1089
arith_1000 304.8342000003904 37582096 1089
arith_75 0.6589000001549721 164164 1184
arith_75 0.6312000006437302 164164 1184
arith_75 0.6697000004351139 164164 1184
arith_75 0.6815999988466501 164164 1184
arith_75 0.7179000005126 164164 1184
arith_75 0.5973000004887581 164164 1184
arith_75 0.6048000007867813 164164 1184
arith_75 0.6670999992638826 164164 1184
arith_75 0.6477999985218048 164164 1184
arith_75 0.7534999996423721 164164 1184
composition 1.0198999997228384 262908 3701
composition 0.9995000008493662 262908 3701
composition 0.9617999996989965 262908 3701
composition 0.9373000003397465 262908 3701
composition 0.9718999993056059 262908 3701
composition 0.9949000012129545 262908 3701
composition 0.9895999990403652 262908 3701
composition 1.066099999472499 262908 3701
composition 1.0716000013053417 262908 3701
composition 1.0909000001847744 262908 3701
funcrec 2.737600000575185 600128 1425
funcrec 2.527599999681115 600128 1425
funcrec 3.1635999996215105 600128 1425
funcrec 2.522299999371171 600128 1425
funcrec 2.8015000000596046 600128 1425
funcrec 2.7575000002980232 600128 1425
funcrec 2.5232999995350838 600128 1425
funcrec 2.7472000010311604 600128 1425
funcrec 2.718700001016259 600128 1425
funcrec 2.832100000232458 600128 1425
mergesort_4000 1.0535000003874302 292144 1431
mergesort_4000 1.012099999934435 292144 1431
mergesort_4000 1.0375000014901161 292144 1431
mergesort_4000 1.107200000435114 292144 1431
mergesort_4000 1.1285000015050173 292144 1431
mergesort_4000 1.0304000005126 292144 1431
mergesort_4000 0.9807000011205673 292144 1431
mergesort_4000 1.1228999998420477 292144 1431
mergesort_4000 1.0420999992638826 292144 1431
mergesort_4000 1.1785000003874302 292144 1431
mergesort_500 0.14120000042021275 40144 1606
mergesort_500 0.12890000082552433 40144 1606
mergesort_500 0.12960000149905682 40144 1606
mergesort_500 0.13260000012815 40144 1606
mergesort_500 0.18899999931454659 40144 1606
mergesort_500 0.13079999946057796 40144 1606
mergesort_500 0.1465000007301569 40144 1606
mergesort_500 0.1339999996125698 40144 1606
mergesort_500 0.368300000205636 40144 1606
mergesort_500 0.148199999704957 40144 1606
nbody_100 0.7335999999195337 392640 5185
nbody_100 0.8475000001490116 392640 5185
nbody_100 0.8241999987512827 392640 5185
nbody_100 0.812100000679493 392640 5185
nbody_100 0.7607000004500151 392640 5185
nbody_100 0.7777999993413687 392640 5185
nbody_100 0.7697000000625849 392640 5185
nbody_100 0.7629000004380941 392640 5185
nbody_100 0.936599999666214 392640 5185
nbody_100 0.8266000002622604 392640 5185
nbody_1000 9.383899999782443 3877440 4759
nbody_1000 10.450000001117587 3877440 4759
nbody_1000 10.621099999174476 3877440 4759
nbody_1000 11.314699999988079 3877440 4759
nbody_1000 9.829499999061227 3877440 4759
nbody_1000 10.484400000423193 3877440 4759
nbody_1000 10.045099999755621 3877440 4759
nbody_1000 10.058900000527501 3877440 4759
nbody_1000 9.997400000691414 3877440 4759
nbody_1000 9.725700000301003 3877440 4759
splice 318.11719999834895 48048044 1033
splice 312.23919999971986 48048044 1033
splice 302.2340000011027 48048044 1033
splice 332.15469999983907 48048044 1033
splice 318.37289999984205 48048044 1033
splice 309.4640000015497 48048044 1033
splice 327.3629999998957 48048044 1033
splice 300.74110000021756 48048044 1033
splice 319.42460000142455 48048044 1033
splice 319.08170000091195 48048044 1033
All
alltrees_10 48.0204999987036 11664280 1615
alltrees_10 56.60819999873638 11664280 1615
alltrees_10 47.331900000572205 11664280 1615
alltrees_10 54.67499999888241 11664280 1615
alltrees_10 46.005599999800324 11664280 1615
alltrees_10 46.27660000137985 11664280 1615
alltrees_10 48.01630000025034 11664280 1615
alltrees_10 47.64100000075996 11664280 1615
alltrees_10 46.43600000068545 11664280 1615
alltrees_10 47.495200000703335 11664280 1615
alltrees_7 0.875 338772 1772
alltrees_7 0.8034000005573034 338772 1772
alltrees_7 0.8129999991506338 338772 1772
alltrees_7 0.8486000001430511 338772 1772
alltrees_7 0.7767000012099743 338772 1772
alltrees_7 0.8135999999940395 338772 1772
alltrees_7 0.8658999986946583 338772 1772
alltrees_7 0.7567999996244907 338772 1772
alltrees_7 0.780299998819828 338772 1772
alltrees_7 0.7987999990582466 338772 1772
arith_1000 59.50700000114739 4020000 1115
arith_1000 54.133799999952316 4020000 1115
arith_1000 63.730000000447035 4020000 1115
arith_1000 57.85869999974966 4020000 1115
arith_1000 60.253699999302626 4020000 1115
arith_1000 56.055800000205636 4020000 1115
arith_1000 56.297900000587106 4020000 1115
arith_1000 54.62570000067353 4020000 1115
arith_1000 56.63860000111163 4020000 1115
arith_1000 56.556900000199676 4020000 1115
arith_75 0.6519000008702278 164164 1184
arith_75 1.387899998575449 164164 1184
arith_75 0.6986000016331673 164164 1184
arith_75 0.5948999989777803 164164 1184
arith_75 0.6104000005871058 164164 1184
arith_75 0.6876999996602535 164164 1184
arith_75 0.6387000009417534 164164 1184
arith_75 0.5925999991595745 164164 1184
arith_75 0.6546000000089407 164164 1184
arith_75 0.5964000001549721 164164 1184
composition 0.874600000679493 256572 4095
composition 0.921900000423193 256572 4095
composition 0.8798000011593103 256572 4095
composition 0.9043000005185604 256572 4095
composition 0.9474999997764826 256572 4095
composition 0.9153000004589558 256572 4095
composition 0.9959999993443489 256572 4095
composition 1.0894000008702278 256572 4095
composition 0.8697999995201826 256572 4095
composition 0.9158999994397163 256572 4095
funcrec 0.33440000005066395 108 1495
funcrec 0.33510000072419643 108 1495
funcrec 0.3345999997109175 108 1495
funcrec 0.31479999981820583 108 1495
funcrec 0.31490000151097775 108 1495
funcrec 0.31649999879300594 108 1495
funcrec 0.33320000022649765 108 1495
funcrec 0.31479999981820583 108 1495
funcrec 0.33510000072419643 108 1495
funcrec 0.31679999828338623 108 1495
mergesort_4000 1.0190000012516975 292112 1781
mergesort_4000 1.9581000003963709 292112 1781
mergesort_4000 1.0720000006258488 292112 1781
mergesort_4000 0.9982999991625547 292112 1781
mergesort_4000 0.9192999992519617 292112 1781
mergesort_4000 1.0772000011056662 292112 1781
mergesort_4000 0.9099000003188848 292112 1781
mergesort_4000 0.9390000011771917 292112 1781
mergesort_4000 0.9122999999672174 292112 1781
mergesort_4000 0.936999998986721 292112 1781
mergesort_500 0.14310000091791153 40144 1606
mergesort_500 0.13250000029802322 40144 1606
mergesort_500 0.22599999979138374 40144 1606
mergesort_500 0.1517000012099743 40144 1606
mergesort_500 0.1363000012934208 40144 1606
mergesort_500 0.13730000145733356 40144 1606
mergesort_500 0.20419999957084656 40144 1606
mergesort_500 0.14780000038444996 40144 1606
mergesort_500 0.1387000009417534 40144 1606
mergesort_500 0.13480000011622906 40144 1606
nbody_100 0.842399999499321 392640 5185
nbody_100 0.7623000014573336 392640 5185
nbody_100 0.7587999999523163 392640 5185
nbody_100 0.7876999992877245 392640 5185
nbody_100 0.7644000016152859 392640 5185
nbody_100 0.7685000002384186 392640 5185
nbody_100 0.8328000009059906 392640 5185
nbody_100 0.7619000002741814 392640 5185
nbody_100 0.7221000008285046 392640 5185
nbody_100 0.7162999995052814 392640 5185
nbody_1000 9.817500000819564 3877272 4512
nbody_1000 10.395899999886751 3877272 4512
nbody_1000 10.16529999859631 3877272 4512
nbody_1000 9.634500000625849 3877272 4512
nbody_1000 10.066499998793006 3877272 4512
nbody_1000 9.728199999779463 3877272 4512
nbody_1000 10.110799999907613 3877272 4512
nbody_1000 9.764599999412894 3877272 4512
nbody_1000 9.85869999974966 3877272 4512
nbody_1000 10.469700001180172 3877272 4512
splice 327.0887000001967 48048044 1033
splice 316.03649999946356 48048044 1033
splice 307.1327999997884 48048044 1033
splice 322.7302999999374 48048044 1033
splice 302.06339999847114 48048044 1033
splice 303.4702000003308 48048044 1033
splice 321.16009999997914 48048044 1033
splice 306.4302000012249 48048044 1033
splice 332.0094999987632 48048044 1033
splice 323.38350000046194 48048044 1033
