None
alltrees_10 48.485699999844655 11979208 1768
alltrees_10 49.70010000001639 11979208 1768
alltrees_10 57.70379999978468 11979208 1768
alltrees_10 55.13449999992736 11979208 1768
alltrees_10 53.30339999985881 11979208 1768
alltrees_10 48.59329999983311 11979208 1768
alltrees_10 50.04879999998957 11979208 1768
alltrees_10 48.85730000003241 11979208 1768
alltrees_10 50.57989999977872 11979208 1768
alltrees_10 48.74469999992289 11979208 1768
arith_1000 326.0368000001181 37582096 1181
arith_1000 311.6079000001773 37582096 1181
arith_1000 306.220500000054 37582096 1181
arith_1000 323.7970999998506 37582096 1181
arith_1000 310.10269999993034 37582096 1181
arith_1000 337.3381000000518 37582096 1181
arith_1000 315.2587000001222 37582096 1181
arith_1000 313.2872000001371 37582096 1181
arith_1000 341.251600000076 37582096 1181
arith_1000 302.6433000001125 37582096 1181
composition 0.9452999997884035 262908 4169
composition 1.0319000000599772 262908 4169
composition 0.9425000001210719 262908 4169
composition 1.0023000000510365 262908 4169
composition 1.061299999943003 262908 4169
composition 1.1477999999187887 262908 4169
composition 1.0058999999891967 262908 4169
composition 1.098499999847263 262908 4169
composition 1.0005000000819564 262908 4169
composition 0.9729999999981374 262908 4169
funcrec 2.694099999964237 600128 1595
funcrec 2.727699999930337 600128 1595
funcrec 2.8256000000983477 600128 1595
funcrec 2.542000000132248 600128 1595
funcrec 2.7738000000827014 600128 1595
funcrec 2.774100000038743 600128 1595
funcrec 2.60550000006333 600128 1595
funcrec 2.696199999889359 600128 1595
funcrec 3.4765000001061708 600128 1595
funcrec 2.9505000000353903 600128 1595
mergesort_4000 1.0420000001322478 292144 1604
mergesort_4000 1.0053999999072403 292144 1604
mergesort_4000 1.1416999998036772 292144 1604
mergesort_4000 1.005200000014156 292144 1604
mergesort_4000 0.9787999999243766 292144 1604
mergesort_4000 1.0169999999925494 292144 1604
mergesort_4000 1.0455000000074506 292144 1604
mergesort_4000 1.1359999999403954 292144 1604
mergesort_4000 0.9867000000085682 292144 1604
mergesort_4000 0.9853000000584871 292144 1604
nbody_1000 10.094800000078976 3877440 5181
nbody_1000 9.750400000018999 3877440 5181
nbody_1000 10.44149999995716 3877440 5181
nbody_1000 10.844700000016019 3877440 5181
nbody_1000 9.827999999979511 3877440 5181
nbody_1000 11.766400000080466 3877440 5181
nbody_1000 9.981699999887496 3877440 5181
nbody_1000 9.74639999982901 3877440 5181
nbody_1000 9.7789000000339 3877440 5181
nbody_1000 9.637199999997392 3877440 5181
Ir
alltrees_10 60.859599999850616 11664280 1662
alltrees_10 49.961200000019744 11664280 1662
alltrees_10 56.38880000007339 11664280 1662
alltrees_10 47.84210000000894 11664280 1662
alltrees_10 46.5191000001505 11664280 1662
alltrees_10 46.675400000065565 11664280 1662
alltrees_10 48.008100000210106 11664280 1662
alltrees_10 47.12739999988116 11664280 1662
alltrees_10 49.07660000002943 11664280 1662
alltrees_10 54.111800000071526 11664280 1662
arith_1000 56.08059999998659 4016004 1185
arith_1000 55.375200000125915 4016004 1185
arith_1000 56.93650000006892 4016004 1185
arith_1000 55.31000000005588 4016004 1185
arith_1000 55.47790000005625 4016004 1185
arith_1000 57.4605000000447 4016004 1185
arith_1000 57.63829999999143 4016004 1185
arith_1000 60.731000000145286 4016004 1185
arith_1000 54.92449999996461 4016004 1185
arith_1000 56.84219999983907 4016004 1185
composition 0.8743000000249594 255764 4403
composition 0.9190999998245388 255764 4403
composition 0.8647000000346452 255764 4403
composition 0.8658000000286847 255764 4403
composition 0.8800999999511987 255764 4403
composition 0.9192000001203269 255764 4403
composition 0.9433000001590699 255764 4403
composition 0.8741000001318753 255764 4403
composition 0.9929999997839332 255764 4403
composition 0.9131000000052154 255764 4403
funcrec 0.37719999998807907 108 1566
funcrec 0.34749999991618097 108 1566
funcrec 0.3451999998651445 108 1566
funcrec 0.37620000005699694 108 1566
funcrec 0.32709999987855554 108 1566
funcrec 0.32499999995343387 108 1566
funcrec 0.34789999993517995 108 1566
funcrec 0.32579999999143183 108 1566
funcrec 0.3290000001434237 108 1566
funcrec 0.3458000000100583 108 1566
mergesort_4000 0.9237999999895692 292112 1888
mergesort_4000 1.1133999999146909 292112 1888
mergesort_4000 0.9744000001810491 292112 1888
mergesort_4000 0.9706000001169741 292112 1888
mergesort_4000 0.991999999852851 292112 1888
mergesort_4000 1.0413000001572073 292112 1888
mergesort_4000 1.3333000000566244 292112 1888
mergesort_4000 0.9851999999955297 292112 1888
mergesort_4000 1.0430999998934567 292112 1888
mergesort_4000 0.9738999998662621 292112 1888
nbody_1000 9.933100000023842 3877272 4635
nbody_1000 10.140000000130385 3877272 4635
nbody_1000 9.588800000026822 3877272 4635
nbody_1000 10.090599999995902 3877272 4635
nbody_1000 9.900200000032783 3877272 4635
nbody_1000 9.76589999999851 3877272 4635
nbody_1000 9.617899999953806 3877272 4635
nbody_1000 10.010699999984354 3877272 4635
nbody_1000 11.60730000003241 3877272 4635
nbody_1000 9.78000000002794 3877272 4635
Graph
alltrees_10 48.70409999997355 11979208 1656
alltrees_10 49.367199999978766 11979208 1656
alltrees_10 49.56099999998696 11979208 1656
alltrees_10 51.518200000049546 11979208 1656
alltrees_10 54.62749999994412 11979208 1656
alltrees_10 51.611099999863654 11979208 1656
alltrees_10 50.216599999926984 11979208 1656
alltrees_10 49.31019999994896 11979208 1656
alltrees_10 51.1003999998793 11979208 1656
alltrees_10 50.36450000014156 11979208 1656
arith_1000 338.26699999999255 37582096 1096
arith_1000 319.7044000001624 37582096 1096
arith_1000 314.7860000000801 37582096 1096
arith_1000 329.3332999998238 37582096 1096
arith_1000 312.8677000000607 37582096 1096
arith_1000 325.6549999997951 37582096 1096
arith_1000 320.4629999999888 37582096 1096
arith_1000 299.37730000005104 37582096 1096
arith_1000 337.70530000003055 37582096 1096
arith_1000 312.6669000000693 37582096 1096
composition 1.1074999999254942 262908 3734
composition 0.9580000001005828 262908 3734
composition 1.0081999998074025 262908 3734
composition 0.9491000000853091 262908 3734
composition 0.9453000000212342 262908 3734
composition 1.186100000049919 262908 3734
composition 1.17809999990277 262908 3734
composition 1.07259999983944 262908 3734
composition 1.0438999999314547 262908 3734
composition 1.1088000000454485 262908 3734
funcrec 2.6005000001750886 600128 1436
funcrec 2.528300000121817 600128 1436
funcrec 2.8575999999884516 600128 1436
funcrec 2.9683000000659376 600128 1436
funcrec 2.688099999912083 600128 1436
funcrec 2.6150999998208135 600128 1436
funcrec 2.7656000000424683 600128 1436
funcrec 2.844000000040978 600128 1436
funcrec 2.75649999990128 600128 1436
funcrec 2.8839999998454005 600128 1436
mergesort_4000 1.1511999999638647 292144 1437
mergesort_4000 1.277500000083819 292144 1437
mergesort_4000 1.8011000000406057 292144 1437
mergesort_4000 1.2578000000212342 292144 1437
mergesort_4000 0.9997000000439584 292144 1437
mergesort_4000 0.9942000000737607 292144 1437
mergesort_4000 1.061299999943003 292144 1437
mergesort_4000 0.9808000000193715 292144 1437
mergesort_4000 0.978899999987334 292144 1437
mergesort_4000 1.015699999872595 292144 1437
nbody_1000 9.583199999993667 3877440 4769
nbody_1000 9.610099999932572 3877440 4769
nbody_1000 9.794500000076368 3877440 4769
nbody_1000 10.594100000103936 3877440 4769
nbody_1000 10.98699999996461 3877440 4769
nbody_1000 11.071299999952316 3877440 4769
nbody_1000 10.029000000096858 3877440 4769
nbody_1000 11.081900000106543 3877440 4769
nbody_1000 9.438400000100955 3877440 4769
nbody_1000 10.670099999988452 3877440 4769
All
alltrees_10 47.885699999984354 11664280 1623
alltrees_10 56.960100000025705 11664280 1623
alltrees_10 49.03179999999702 11664280 1623
alltrees_10 60.68139999988489 11664280 1623
alltrees_10 48.42419999977574 11664280 1623
alltrees_10 48.55429999995977 11664280 1623
alltrees_10 48.31750000012107 11664280 1623
alltrees_10 47.25069999997504 11664280 1623
alltrees_10 47.25399999995716 11664280 1623
alltrees_10 49.18339999997988 11664280 1623
arith_1000 60.87780000013299 4016004 1137
arith_1000 57.801100000040606 4016004 1137
arith_1000 53.95039999997243 4016004 1137
arith_1000 56.08480000006966 4016004 1137
arith_1000 54.63150000013411 4016004 1137
arith_1000 56.62109999987297 4016004 1137
arith_1000 53.58339999988675 4016004 1137
arith_1000 57.67590000014752 4016004 1137
arith_1000 60.377700000070035 4016004 1137
arith_1000 56.425000000046566 4016004 1137
composition 0.9982999998610467 255764 4136
composition 0.8651999998837709 255764 4136
composition 0.8896000001113862 255764 4136
composition 0.8680000000167638 255764 4136
composition 0.8696999999228865 255764 4136
composition 0.8647000000346452 255764 4136
composition 0.9298000000417233 255764 4136
composition 0.9198999998625368 255764 4136
composition 0.8980999998748302 255764 4136
composition 0.9246999998576939 255764 4136
funcrec 0.3457000001799315 108 1510
funcrec 0.37889999989420176 108 1510
funcrec 0.32600000011734664 108 1510
funcrec 0.346299999859184 108 1510
funcrec 0.363999999826774 108 1510
funcrec 0.3248000000603497 108 1510
funcrec 0.4768999998923391 108 1510
funcrec 0.3699000000488013 108 1510
funcrec 0.3278999999165535 108 1510
funcrec 0.32590000005438924 108 1510
mergesort_4000 0.9225000001024455 292112 1787
mergesort_4000 0.9874000002164394 292112 1787
mergesort_4000 1.0918000000528991 292112 1787
mergesort_4000 0.9983999999240041 292112 1787
mergesort_4000 0.9649000000208616 292112 1787
mergesort_4000 1.0100000000093132 292112 1787
mergesort_4000 1.0567999999038875 292112 1787
mergesort_4000 1.0977000000420958 292112 1787
mergesort_4000 0.9723000000230968 292112 1787
mergesort_4000 1.0644999998621643 292112 1787
nbody_1000 10.47039999999106 3877272 4522
nbody_1000 10.038899999810383 3877272 4522
nbody_1000 9.751699999906123 3877272 4522
nbody_1000 9.737600000109524 3877272 4522
nbody_1000 9.558299999916926 3877272 4522
nbody_1000 10.138099999865517 3877272 4522
nbody_1000 10.04769999999553 3877272 4522
nbody_1000 9.583600000012666 3877272 4522
nbody_1000 9.705499999923632 3877272 4522
nbody_1000 11.353100000182167 3877272 4522
